

                 Berthold Technologies
                        LB 2045
                  Gamma Spectrometer

                      Laboratory


Sample Name       :                     Meas. Time [s]    :    601
Sample Weight [kg]:  4.000
Dead Time Loss [%]: 0.5752
High Voltage [V]  :  834.4              Program Version   :   2.21
Fill Volume [%]   :  100.0
Bkg MeasTime [s]  :     87

                          Cs/Kg        Unit
----------------------------------------------------------
Accuracy          :         0.0
Calibration Factor:       83.00
Background        :       2.868
Region of Interest:  450 - 2048

15. Jun 2012 / 15:47:27

Nuclide   Raw Data [cps]    Result   Uncertainty         MDA      Unit
----------------------------------------------------------------------
Cs/Kg          504.8          4397         8.160       5.585     Bq/Kg


Energy Range [keV]  :   2048
COMMENT : ê¸åπÇPÇOï™
COMMENT2 : ÇSÇRÇXÇVÇÇÇëÅèÇãÇá
BASE DATE : 
BASE TIME (sec) : 0
Meas. Time [s]      :    601
15. Jun 2012/15:47:27

Spectrum Values [cps]:
0.00832;
0.00333;
0.00333;
0.00166;
0.00333;
0.00333;
0.00499;
0.00499;
0.00166;
0.00499;
0.00166;
0.00998;
0.00832;
0.01331;
0.00832;
0.00499;
0.00832;
0.00666;
0.00998;
0.00666;
0.00333;
0.01165;
0.06655;
 0.4093;
 0.7970;
  1.060;
  1.466;
  1.749;
  1.962;
  2.080;
  2.256;
  2.507;
  2.684;
  2.777;
  2.802;
  2.792;
  2.973;
  2.805;
  2.827;
  2.925;
  3.176;
  3.396;
  3.615;
  3.725;
  3.614;
  3.586;
  3.020;
  3.125;
  3.206;
  3.020;
  3.010;
  2.792;
  2.784;
  2.825;
  2.587;
  2.640;
  2.526;
  2.594;
  2.589;
  2.542;
  2.650;
  2.574;
  2.561;
  2.577;
  2.704;
  2.689;
  2.779;
  2.825;
  2.724;
  2.762;
  2.612;
  2.587;
  2.687;
  2.823;
  2.875;
  2.872;
  2.697;
  2.813;
  2.677;
  2.853;
  2.687;
  2.792;
  2.847;
  2.624;
  2.774;
  2.760;
  2.654;
  2.790;
  2.850;
  2.794;
  2.729;
  2.810;
  2.975;
  2.970;
  2.937;
  2.988;
  3.026;
  3.161;
  3.259;
  3.561;
  3.602;
  3.860;
  4.158;
  4.201;
  4.526;
  4.715;
  4.677;
  4.697;
  4.747;
  4.778;
  4.609;
  4.268;
  4.274;
  4.367;
  4.236;
  4.098;
  4.111;
  3.913;
  3.832;
  3.900;
  3.769;
  3.843;
  3.536;
  3.524;
  3.496;
  3.487;
  3.459;
  3.507;
  3.284;
  3.278;
  3.123;
  3.301;
  3.198;
  3.248;
  3.165;
  2.993;
  3.175;
  2.980;
  2.975;
  3.045;
  2.913;
  2.885;
  2.835;
  2.957;
  2.903;
  2.910;
  2.913;
  2.809;
  2.827;
  2.968;
  2.837;
  2.702;
  2.719;
  2.774;
  2.624;
  2.664;
  2.764;
  2.792;
  2.734;
  2.714;
  2.650;
  2.601;
  2.652;
  2.591;
  2.629;
  2.675;
  2.587;
  2.584;
  2.492;
  2.549;
  2.582;
  2.546;
  2.729;
  2.611;
  2.516;
  2.582;
  2.504;
  2.509;
  2.536;
  2.491;
  2.436;
  2.591;
  2.562;
  2.532;
  2.489;
  2.486;
  2.567;
  2.457;
  2.625;
  2.324;
  2.339;
  2.569;
  2.466;
  2.426;
  2.423;
  2.640;
  2.527;
  2.439;
  2.401;
  2.486;
  2.429;
  2.496;
  2.586;
  2.244;
  2.549;
  2.431;
  2.449;
  2.546;
  2.474;
  2.466;
  2.566;
  2.481;
  2.627;
  2.383;
  2.586;
  2.418;
  2.516;
  2.624;
  2.502;
  2.607;
  2.567;
  2.591;
  2.576;
  2.601;
  2.551;
  2.554;
  2.552;
  2.639;
  2.617;
  2.679;
  2.710;
  2.697;
  2.594;
  2.572;
  2.606;
  2.655;
  2.587;
  2.496;
  2.398;
  2.416;
  2.253;
  2.168;
  2.148;
  2.023;
  1.925;
  1.802;
  1.685;
  1.652;
  1.586;
  1.374;
  1.264;
  1.195;
  1.226;
  1.110;
  1.113;
 0.9999;
 0.9733;
  1.025;
 0.9134;
 0.8685;
 0.8569;
 0.7670;
 0.7620;
 0.8020;
 0.7421;
 0.7321;
 0.6605;
 0.7021;
 0.6339;
 0.7088;
 0.5956;
 0.5857;
 0.6505;
 0.5956;
 0.5474;
 0.5723;
 0.5407;
 0.5191;
 0.5324;
 0.5174;
 0.4775;
 0.4509;
 0.4625;
 0.4892;
 0.4392;
 0.4126;
 0.4542;
 0.4093;
 0.4309;
 0.4725;
 0.4326;
 0.4209;
 0.3993;
 0.4110;
 0.3927;
 0.3793;
 0.3843;
 0.4209;
 0.3910;
 0.3943;
 0.3910;
 0.3544;
 0.4160;
 0.4326;
 0.3727;
 0.3893;
 0.4060;
 0.3943;
 0.4193;
 0.4343;
 0.3877;
 0.4326;
 0.4991;
 0.5125;
 0.5258;
 0.5125;
 0.6655;
 0.6905;
 0.8286;
  1.055;
  1.336;
  1.579;
  1.938;
  2.356;
  2.900;
  3.561;
  4.186;
  4.828;
  5.887;
  6.980;
  8.224;
  9.111;
  10.21;
  11.33;
  12.48;
  13.83;
  15.22;
  16.05;
  17.19;
  18.00;
  18.53;
  18.32;
  18.77;
  18.37;
  18.21;
  17.71;
  16.81;
  15.75;
  14.67;
  13.54;
  12.23;
  10.76;
  9.618;
  8.196;
  6.926;
  6.015;
  4.975;
  3.972;
  3.281;
  2.519;
  2.058;
  1.524;
  1.196;
 0.9201;
 0.6805;
 0.5041;
 0.3960;
 0.2878;
 0.1714;
 0.1414;
 0.1065;
0.08153;
0.06489;
0.04991;
0.02496;
0.03328;
0.03494;
0.01331;
0.01997;
0.01997;
0.03328;
0.01830;
0.01497;
0.02496;
0.01664;
0.01664;
0.01997;
0.00832;
0.02329;
0.02828;
0.01830;
0.02163;
0.01664;
0.01830;
0.01331;
0.01497;
0.02163;
0.02163;
0.02828;
0.01997;
0.01997;
0.02496;
0.01165;
0.02496;
0.01997;
0.03328;
0.01830;
0.02496;
0.02496;
0.02163;
0.02163;
0.01331;
0.01830;
0.01997;
0.01497;
0.03328;
0.01997;
0.01497;
0.01497;
0.01997;
0.01331;
0.02662;
0.02329;
0.01497;
0.01664;
0.02329;
0.00832;
0.01165;
0.01497;
0.01830;
0.01331;
0.01830;
0.00832;
0.01497;
0.01165;
0.01830;
0.00832;
0.00832;
0.01165;
0.01331;
0.00832;
0.01331;
0.01165;
0.01331;
0.00832;
0.01997;
0.00499;
0.01497;
0.00499;
0.00998;
0.00998;
0.01331;
0.01165;
0.01165;
0.01664;
0.00998;
0.02662;
0.01165;
0.01664;
0.00499;
0.00998;
0.01830;
0.00998;
0.00832;
0.01497;
0.02163;
0.00832;
0.01830;
0.00998;
0.01331;
0.01497;
0.00166;
0.00832;
0.00333;
0.00998;
0.01830;
0.00998;
0.01331;
0.00499;
0.01331;
0.01497;
0.00998;
0.02163;
0.00998;
0.01165;
0.00832;
0.00832;
0.00832;
0.00499;
0.01664;
0.00998;
0.01331;
0.00832;
0.00333;
0.00499;
0.00998;
0.00832;
0.00998;
0.00832;
0.00333;
0.00832;
0.00998;
0.00666;
0.00998;
0.01165;
0.00166;
0.00666;
0.00832;
0.00166;
0.00998;
0.00499;
0.00499;
0.01331;
0.00998;
0.00666;
0.00666;
0.01165;
0.00666;
0.01830;
0.00832;
0.00832;
0.00666;
0.00998;
0.00333;
0.00666;
0.00499;
0.00666;
0.00499;
    0.0;
0.01165;
0.00666;
0.00499;
0.00832;
0.00832;
0.00832;
0.00998;
0.00666;
0.00666;
0.00499;
0.00666;
0.00998;
0.00832;
0.00499;
0.01165;
0.00666;
0.00333;
0.00166;
0.00998;
0.00832;
0.00333;
0.00832;
0.01331;
0.01165;
0.00499;
0.00666;
0.00832;
0.00166;
0.00666;
0.00832;
0.00499;
0.00832;
0.00998;
0.00499;
0.00499;
0.01165;
0.00666;
0.00666;
0.00666;
0.00333;
0.00832;
0.00333;
0.00333;
0.00333;
0.00998;
0.00998;
0.00666;
0.00333;
0.00166;
0.00166;
0.00333;
0.01331;
0.00666;
0.00499;
0.00666;
0.00166;
0.00166;
0.00166;
0.00998;
0.00998;
0.00832;
0.00666;
0.00832;
0.00666;
0.00499;
0.00499;
0.00166;
0.00998;
0.00666;
0.00499;
0.00832;
0.00333;
0.01331;
0.00333;
0.00832;
0.00666;
0.00499;
0.00666;
0.00832;
0.00166;
0.00499;
0.00499;
0.00333;
0.00499;
0.00333;
0.00998;
0.00166;
0.00333;
0.00333;
    0.0;
0.00499;
0.00333;
0.00333;
0.00998;
0.00499;
0.00333;
0.00333;
0.00333;
0.00666;
0.00333;
0.00499;
0.00166;
0.00832;
0.00666;
    0.0;
0.00333;
0.00666;
0.00166;
0.00166;
0.00166;
0.00333;
0.00666;
0.00832;
0.00166;
    0.0;
0.00666;
0.00333;
0.00666;
0.00333;
0.00499;
0.00166;
0.00166;
0.01165;
0.00666;
0.00166;
0.00166;
0.00166;
0.00832;
0.00499;
0.00666;
0.00333;
0.00166;
0.00333;
0.00333;
0.00333;
0.00333;
0.00499;
0.00333;
0.00166;
0.00333;
0.00499;
0.00166;
0.00499;
0.00333;
0.00499;
0.00333;
0.00333;
    0.0;
0.00166;
0.00333;
0.00832;
0.00166;
0.00666;
0.00166;
0.00166;
0.00166;
    0.0;
0.00333;
    0.0;
0.00666;
0.00499;
0.00166;
0.00666;
0.00166;
    0.0;
    0.0;
0.00166;
0.00333;
0.00333;
0.00166;
0.00998;
0.00499;
0.00166;
0.00166;
0.00499;
0.00166;
0.00499;
0.00499;
0.00166;
0.00166;
0.00166;
0.00666;
0.00166;
0.00166;
0.00166;
0.00499;
0.00166;
0.00998;
0.00166;
0.00166;
0.00499;
0.00998;
0.00666;
0.00166;
0.00832;
0.00166;
0.00333;
0.00166;
0.00832;
0.00998;
0.00832;
0.00166;
0.01165;
0.00499;
0.00998;
0.00832;
0.00666;
0.01165;
0.00832;
0.00666;
0.00666;
0.00499;
0.00998;
0.00499;
0.00998;
0.01165;
0.00832;
0.00499;
0.00166;
0.00333;
0.00166;
0.00333;
0.00166;
0.00166;
0.00333;
0.00832;
0.00666;
0.00499;
    0.0;
0.00666;
0.00333;
    0.0;
0.00166;
0.00499;
0.00499;
    0.0;
    0.0;
    0.0;
0.00166;
    0.0;
0.00666;
    0.0;
0.00333;
0.00499;
0.00166;
0.00166;
0.00166;
0.00166;
    0.0;
    0.0;
    0.0;
0.00333;
0.00166;
0.00166;
    0.0;
    0.0;
    0.0;
    0.0;
    0.0;
    0.0;
0.00166;
0.00166;
0.00166;
    0.0;
0.00333;
0.00333;
    0.0;
    0.0;
    0.0;
0.00333;
0.00166;
    0.0;
    0.0;
    0.0;
    0.0;
    0.0;
    0.0;
0.00166;
0.00333;
0.00166;
0.00166;
    0.0;
    0.0;
0.00166;
0.00166;
0.00166;
    0.0;
0.00166;
    0.0;
    0.0;
    0.0;
0.00166;
    0.0;
    0.0;
0.00166;
0.00166;
    0.0;
0.00166;
0.00333;
    0.0;
0.00333;
0.00166;
    0.0;
    0.0;
    0.0;
0.00166;
0.00166;
    0.0;
0.00333;
    0.0;
    0.0;
    0.0;
0.00333;
    0.0;
0.00166;
0.00166;
0.00166;
0.00166;
    0.0;
    0.0;
    0.0;
0.00166;
    0.0;
    0.0;
    0.0;
0.00333;
    0.0;
    0.0;
    0.0;
    0.0;
    0.0;
    0.0;
    0.0;
0.00166;
    0.0;
    0.0;
    0.0;
    0.0;
    0.0;
    0.0;
0.00166;
0.00166;
    0.0;
0.00333;
    0.0;
    0.0;
    0.0;
    0.0;
    0.0;
    0.0;
    0.0;
0.00166;
    0.0;
0.00166;
0.00166;
    0.0;
    0.0;
    0.0;
    0.0;
    0.0;
0.00333;
0.00166;
0.00333;
    0.0;
0.00166;
0.00166;
    0.0;
    0.0;
    0.0;
    0.0;
    0.0;
0.00333;
    0.0;
    0.0;
    0.0;
    0.0;
    0.0;
    0.0;
    0.0;
0.00166;
0.00666;
    0.0;
0.00166;
0.00166;
    0.0;
    0.0;
0.00333;
0.00166;
    0.0;
0.00166;
    0.0;
    0.0;
    0.0;
    0.0;
    0.0;
0.00166;
    0.0;
0.00166;
    0.0;
    0.0;
0.00166;
    0.0;
    0.0;
    0.0;
    0.0;
    0.0;
    0.0;
0.00166;
    0.0;
0.00166;
    0.0;
    0.0;
    0.0;
    0.0;
    0.0;
    0.0;
    0.0;
    0.0;
0.00166;
0.00166;
    0.0;
    0.0;
    0.0;
    0.0;
    0.0;
0.00166;
    0.0;
    0.0;
0.00166;
    0.0;
    0.0;
    0.0;
    0.0;
    0.0;
0.00166;
    0.0;
    0.0;
    0.0;
    0.0;
    0.0;
    0.0;
    0.0;
    0.0;
    0.0;
    0.0;
    0.0;
    0.0;
0.00166;
    0.0;
0.00166;
    0.0;
    0.0;
    0.0;
    0.0;
    0.0;
    0.0;
    0.0;
    0.0;
    0.0;
    0.0;
    0.0;
    0.0;
    0.0;
    0.0;
    0.0;
    0.0;
    0.0;
    0.0;
    0.0;
0.00166;
    0.0;
    0.0;
    0.0;
    0.0;
0.00166;
    0.0;
0.00166;
    0.0;
    0.0;
    0.0;
    0.0;
    0.0;
    0.0;
    0.0;
    0.0;
    0.0;
    0.0;
    0.0;
    0.0;
    0.0;
    0.0;
    0.0;
    0.0;
    0.0;
0.00166;
Base Values     :
0.000000;
0.000000;
0.000000;
0.000000;
0.000000;
0.000000;
0.000000;
0.000000;
0.000000;
0.000000;
0.000000;
0.000000;
0.000000;
0.000000;
0.000000;
0.000000;
0.000000;
0.000000;
0.000000;
0.000000;
0.000000;
0.000000;
0.000000;
0.000000;
0.000000;
0.000000;
0.000000;
0.000000;
0.000000;
0.000000;
0.000000;
0.000000;
0.000000;
0.000000;
0.000000;
0.000000;
0.000000;
0.000000;
0.000000;
0.000000;
0.000000;
0.000000;
0.000000;
0.000000;
0.000000;
0.000000;
0.000000;
0.000000;
0.000000;
0.000000;
0.000000;
0.000000;
0.000000;
0.000000;
0.000000;
0.000000;
0.000000;
0.000000;
0.000000;
0.000000;
0.000000;
0.000000;
0.000000;
0.000000;
0.000000;
0.000000;
0.000000;
0.000000;
0.000000;
0.000000;
0.000000;
0.000000;
0.000000;
0.000000;
0.000000;
0.000000;
0.000000;
0.000000;
0.000000;
0.000000;
0.000000;
0.000000;
0.000000;
0.000000;
0.000000;
0.000000;
0.000000;
0.000000;
0.000000;
0.000000;
0.000000;
0.000000;
0.000000;
0.000000;
0.000000;
0.000000;
0.000000;
0.000000;
0.000000;
0.000000;
0.000000;
0.000000;
0.000000;
0.000000;
0.000000;
0.000000;
0.000000;
0.000000;
0.000000;
0.000000;
0.000000;
0.000000;
0.000000;
0.000000;
0.000000;
0.000000;
0.000000;
0.000000;
0.000000;
0.000000;
0.000000;
0.000000;
0.000000;
0.000000;
0.000000;
0.000000;
0.000000;
0.000000;
0.000000;
0.000000;
0.000000;
0.000000;
0.000000;
0.000000;
0.000000;
0.000000;
0.000000;
0.000000;
0.000000;
0.000000;
0.000000;
0.000000;
0.000000;
0.000000;
0.000000;
0.000000;
0.000000;
0.000000;
0.000000;
0.000000;
0.000000;
0.000000;
0.000000;
0.000000;
0.000000;
0.000000;
0.000000;
0.000000;
0.000000;
0.000000;
0.000000;
0.000000;
0.000000;
0.000000;
0.000000;
0.000000;
0.000000;
0.000000;
0.000000;
0.000000;
0.000000;
0.000000;
0.000000;
0.000000;
0.000000;
0.000000;
0.000000;
0.000000;
0.000000;
0.000000;
0.000000;
0.000000;
0.000000;
0.000000;
0.000000;
0.000000;
0.000000;
0.000000;
0.000000;
0.000000;
0.000000;
0.000000;
0.000000;
0.000000;
0.000000;
0.000000;
0.000000;
0.000000;
0.000000;
0.000000;
0.000000;
0.000000;
0.000000;
0.000000;
0.000000;
0.000000;
0.000000;
0.000000;
0.000000;
0.000000;
0.000000;
0.000000;
0.000000;
0.000000;
0.000000;
0.000000;
0.000000;
0.000000;
0.000000;
0.000000;
0.000000;
0.000000;
0.000000;
0.000000;
0.000000;
0.000000;
0.000000;
0.000000;
0.000000;
0.000000;
0.000000;
0.000000;
0.000000;
0.000000;
0.000000;
0.000000;
0.000000;
0.000000;
0.000000;
0.000000;
0.000000;
0.000000;
0.000000;
0.000000;
0.000000;
0.000000;
0.000000;
0.000000;
0.000000;
0.000000;
0.000000;
0.000000;
0.000000;
0.000000;
0.000000;
0.000000;
0.000000;
0.000000;
0.000000;
0.000000;
0.000000;
0.000000;
0.000000;
0.000000;
0.000000;
0.000000;
0.000000;
0.000000;
0.000000;
0.000000;
0.000000;
0.000000;
0.000000;
0.000000;
0.000000;
0.000000;
0.000000;
0.000000;
0.000000;
0.000000;
0.000000;
0.000000;
0.000000;
0.000000;
0.000000;
0.000000;
0.000000;
0.000000;
0.000000;
0.000000;
0.000000;
0.000000;
0.000000;
0.000000;
0.000000;
0.000000;
0.000000;
0.000000;
0.000000;
0.000000;
0.000000;
0.000000;
0.000000;
0.000000;
0.000000;
0.000000;
0.000000;
0.000000;
0.000000;
0.000000;
0.000000;
0.000000;
0.000000;
0.000000;
0.000000;
0.000000;
0.000000;
0.000000;
0.000000;
0.000000;
0.000000;
0.000000;
0.000000;
0.000000;
0.000000;
0.000000;
0.000000;
0.000000;
0.000000;
0.000000;
0.000000;
0.000000;
0.000000;
0.000000;
0.000000;
0.000000;
0.000000;
0.000000;
0.000000;
0.000000;
0.000000;
0.000000;
0.000000;
0.000000;
0.000000;
0.000000;
0.000000;
0.000000;
0.000000;
0.000000;
0.000000;
0.000000;
0.000000;
0.000000;
0.000000;
0.000000;
0.000000;
0.000000;
0.000000;
0.000000;
0.000000;
0.000000;
0.000000;
0.000000;
0.000000;
0.000000;
0.000000;
0.000000;
0.000000;
0.000000;
0.000000;
0.000000;
0.000000;
0.000000;
0.000000;
0.000000;
0.000000;
0.000000;
0.000000;
0.000000;
0.000000;
0.000000;
0.000000;
0.000000;
0.000000;
0.000000;
0.000000;
0.000000;
0.000000;
0.000000;
0.000000;
0.000000;
0.000000;
0.000000;
0.000000;
0.000000;
0.000000;
0.000000;
0.000000;
0.000000;
0.000000;
0.000000;
0.000000;
0.000000;
0.000000;
0.000000;
0.000000;
0.000000;
0.000000;
0.000000;
0.000000;
0.000000;
0.000000;
0.000000;
0.000000;
0.000000;
0.000000;
0.000000;
0.000000;
0.000000;
0.000000;
0.000000;
0.000000;
0.000000;
0.000000;
0.000000;
0.000000;
0.000000;
0.000000;
0.000000;
0.000000;
0.000000;
0.000000;
0.000000;
0.000000;
0.000000;
0.000000;
0.000000;
0.000000;
0.000000;
0.000000;
0.000000;
0.000000;
0.000000;
0.000000;
0.000000;
0.000000;
0.000000;
0.000000;
0.000000;
0.000000;
0.000000;
0.000000;
0.000000;
0.000000;
0.000000;
0.000000;
0.000000;
0.000000;
0.000000;
0.000000;
0.000000;
0.000000;
0.000000;
0.000000;
0.000000;
0.000000;
0.000000;
0.000000;
0.000000;
0.000000;
0.000000;
0.000000;
0.000000;
0.000000;
0.000000;
0.000000;
0.000000;
0.000000;
0.000000;
0.000000;
0.000000;
0.000000;
0.000000;
0.000000;
0.000000;
0.000000;
0.000000;
0.000000;
0.000000;
0.000000;
0.000000;
0.000000;
0.000000;
0.000000;
0.000000;
0.000000;
0.000000;
0.000000;
0.000000;
0.000000;
0.000000;
0.000000;
0.000000;
0.000000;
0.000000;
0.000000;
0.000000;
0.000000;
0.000000;
0.000000;
0.000000;
0.000000;
0.000000;
0.000000;
0.000000;
0.000000;
0.000000;
0.000000;
0.000000;
0.000000;
0.000000;
0.000000;
0.000000;
0.000000;
0.000000;
0.000000;
0.000000;
0.000000;
0.000000;
0.000000;
0.000000;
0.000000;
0.000000;
0.000000;
0.000000;
0.000000;
0.000000;
0.000000;
0.000000;
0.000000;
0.000000;
0.000000;
0.000000;
0.000000;
0.000000;
0.000000;
0.000000;
0.000000;
0.000000;
0.000000;
0.000000;
0.000000;
0.000000;
0.000000;
0.000000;
0.000000;
0.000000;
0.000000;
0.000000;
0.000000;
0.000000;
0.000000;
0.000000;
0.000000;
0.000000;
0.000000;
0.000000;
0.000000;
0.000000;
0.000000;
0.000000;
0.000000;
0.000000;
0.000000;
0.000000;
0.000000;
0.000000;
0.000000;
0.000000;
0.000000;
0.000000;
0.000000;
0.000000;
0.000000;
0.000000;
0.000000;
0.000000;
0.000000;
0.000000;
0.000000;
0.000000;
0.000000;
0.000000;
0.000000;
0.000000;
0.000000;
0.000000;
0.000000;
0.000000;
0.000000;
0.000000;
0.000000;
0.000000;
0.000000;
0.000000;
0.000000;
0.000000;
0.000000;
0.000000;
0.000000;
0.000000;
0.000000;
0.000000;
0.000000;
0.000000;
0.000000;
0.000000;
0.000000;
0.000000;
0.000000;
0.000000;
0.000000;
0.000000;
0.000000;
0.000000;
0.000000;
0.000000;
0.000000;
0.000000;
0.000000;
0.000000;
0.000000;
0.000000;
0.000000;
0.000000;
0.000000;
0.000000;
0.000000;
0.000000;
0.000000;
0.000000;
0.000000;
0.000000;
0.000000;
0.000000;
0.000000;
0.000000;
0.000000;
0.000000;
0.000000;
0.000000;
0.000000;
0.000000;
0.000000;
0.000000;
0.000000;
0.000000;
0.000000;
0.000000;
0.000000;
0.000000;
0.000000;
0.000000;
0.000000;
0.000000;
0.000000;
0.000000;
0.000000;
0.000000;
0.000000;
0.000000;
0.000000;
0.000000;
0.000000;
0.000000;
0.000000;
0.000000;
0.000000;
0.000000;
0.000000;
0.000000;
0.000000;
0.000000;
0.000000;
0.000000;
0.000000;
0.000000;
0.000000;
0.000000;
0.000000;
0.000000;
0.000000;
0.000000;
0.000000;
0.000000;
0.000000;
0.000000;
0.000000;
0.000000;
0.000000;
0.000000;
0.000000;
0.000000;
0.000000;
0.000000;
0.000000;
0.000000;
0.000000;
0.000000;
0.000000;
0.000000;
0.000000;
0.000000;
0.000000;
0.000000;
0.000000;
0.000000;
0.000000;
0.000000;
0.000000;
0.000000;
0.000000;
0.000000;
0.000000;
0.000000;
0.000000;
0.000000;
0.000000;
0.000000;
0.000000;
0.000000;
0.000000;
0.000000;
0.000000;
0.000000;
0.000000;
0.000000;
0.000000;
0.000000;
0.000000;
0.000000;
0.000000;
0.000000;
0.000000;
0.000000;
0.000000;
0.000000;
0.000000;
0.000000;
0.000000;
0.000000;
0.000000;
0.000000;
0.000000;
0.000000;
0.000000;
0.000000;
0.000000;
0.000000;
0.000000;
0.000000;
0.000000;
0.000000;
0.000000;
0.000000;
0.000000;
0.000000;
0.000000;
0.000000;
0.000000;
0.000000;
0.000000;
0.000000;
0.000000;
0.000000;
0.000000;
0.000000;
0.000000;
0.000000;
0.000000;
0.000000;
0.000000;
0.000000;
0.000000;
0.000000;
0.000000;
0.000000;
0.000000;
0.000000;
0.000000;
0.000000;
0.000000;
0.000000;
0.000000;
0.000000;
0.000000;
0.000000;
0.000000;
0.000000;
0.000000;
0.000000;
0.000000;
0.000000;
0.000000;
0.000000;
0.000000;
0.000000;
0.000000;
0.000000;
0.000000;
0.000000;
0.000000;
0.000000;
0.000000;
0.000000;
0.000000;
0.000000;
0.000000;
0.000000;
0.000000;
0.000000;
0.000000;
0.000000;
0.000000;
0.000000;
0.000000;
0.000000;
0.000000;
0.000000;
0.000000;
0.000000;
0.000000;
0.000000;
0.000000;
0.000000;
0.000000;
0.000000;
0.000000;
0.000000;
0.000000;
0.000000;
0.000000;
0.000000;
0.000000;
0.000000;
0.000000;
0.000000;
0.000000;
0.000000;
0.000000;
0.000000;
0.000000;
0.000000;
0.000000;
0.000000;
0.000000;
0.000000;
0.000000;
0.000000;
0.000000;
0.000000;
0.000000;
0.000000;
0.000000;
0.000000;
0.000000;
0.000000;
0.000000;
0.000000;
0.000000;
0.000000;
0.000000;
0.000000;
0.000000;
0.000000;
0.000000;
0.000000;
0.000000;
0.000000;
0.000000;
0.000000;
0.000000;
0.000000;
0.000000;
0.000000;
0.000000;
0.000000;
0.000000;
0.000000;
0.000000;
0.000000;
0.000000;
0.000000;
0.000000;
0.000000;
0.000000;
0.000000;
0.000000;
0.000000;
0.000000;
0.000000;
0.000000;
0.000000;
0.000000;
0.000000;
0.000000;
0.000000;
0.000000;
0.000000;
0.000000;
0.000000;
0.000000;
0.000000;
0.000000;
0.000000;
0.000000;
0.000000;
0.000000;
0.000000;
0.000000;
0.000000;
0.000000;
0.000000;
0.000000;
0.000000;
0.000000;
0.000000;
0.000000;
0.000000;
0.000000;
0.000000;
0.000000;
0.000000;
0.000000;
0.000000;
0.000000;
0.000000;
0.000000;
0.000000;
0.000000;
0.000000;
0.000000;
0.000000;
0.000000;
0.000000;
0.000000;
0.000000;
0.000000;
0.000000;
0.000000;
0.000000;
0.000000;
0.000000;
0.000000;
0.000000;
0.000000;
0.000000;
0.000000;
0.000000;
0.000000;
0.000000;
0.000000;
0.000000;
0.000000;
0.000000;
0.000000;
0.000000;
0.000000;
0.000000;
0.000000;
0.000000;
0.000000;
0.000000;
0.000000;
0.000000;
0.000000;
0.000000;
0.000000;
0.000000;
0.000000;
0.000000;
0.000000;
0.000000;
0.000000;
0.000000;
0.000000;
0.000000;
0.000000;
0.000000;
0.000000;
0.000000;
0.000000;
0.000000;
0.000000;
0.000000;
0.000000;
0.000000;
0.000000;
0.000000;
0.000000;
0.000000;
0.000000;
0.000000;
0.000000;
0.000000;
0.000000;
0.000000;
0.000000;
0.000000;
0.000000;
0.000000;
0.000000;
0.000000;
0.000000;
0.000000;
0.000000;
0.000000;
0.000000;
0.000000;
0.000000;
0.000000;
0.000000;
0.000000;
END
