

                 Berthold Technologies
                        LB 2045
                  Gamma Spectrometer

                      Laboratory


Sample Name       :                     Meas. Time [s]    :    600
Sample Weight [kg]:  4.000
Dead Time Loss [%]: 0.7079
High Voltage [V]  :  834.4              Program Version   :   2.21
Fill Volume [%]   :  100.0
Bkg MeasTime [s]  :     87

                          Cs/Kg        Unit
----------------------------------------------------------
Accuracy          :         0.0
Calibration Factor:       83.00
Background        :       2.868
Region of Interest:  450 - 2048

15. Jun 2012 / 16:23:07

Nuclide   Raw Data [cps]    Result   Uncertainty         MDA      Unit
----------------------------------------------------------------------
Cs/Kg          605.5          5286         8.920       5.585     Bq/Kg


Energy Range [keV]  :   2048
COMMENT : î—ä⁄çª
COMMENT2 : 
BASE DATE : 
BASE TIME (sec) : 0
Meas. Time [s]      :    600
15. Jun 2012/16:23:07

Spectrum Values [cps]:
0.00333;
0.00833;
0.01166;
0.00500;
0.01000;
0.00833;
0.01166;
0.01832;
0.01000;
0.00833;
0.01166;
0.01333;
0.00666;
0.00833;
0.01666;
0.01166;
0.01666;
0.01166;
0.01499;
0.01999;
0.01166;
0.01166;
0.09162;
 0.5731;
  1.055;
  1.483;
  1.769;
  2.009;
  2.369;
  2.682;
  2.824;
  2.922;
  3.184;
  3.308;
  3.497;
  3.575;
  3.603;
  3.980;
  4.213;
  5.096;
  6.185;
  7.278;
  8.751;
  9.431;
  8.826;
  7.343;
  5.749;
  4.998;
  5.099;
  5.369;
  5.396;
  4.701;
  4.041;
  3.662;
  3.342;
  3.213;
  3.094;
  3.085;
  3.125;
  3.119;
  3.097;
  3.213;
  3.203;
  3.320;
  3.278;
  3.372;
  3.382;
  3.367;
  3.517;
  3.378;
  3.475;
  3.427;
  3.383;
  3.398;
  3.375;
  3.483;
  3.522;
  3.518;
  3.623;
  3.440;
  3.628;
  3.653;
  3.488;
  3.507;
  3.540;
  3.548;
  3.587;
  3.555;
  3.675;
  3.492;
  3.685;
  3.590;
  3.645;
  3.700;
  3.893;
  3.933;
  3.895;
  4.035;
  4.110;
  4.240;
  4.538;
  4.498;
  4.783;
  5.076;
  4.849;
  5.071;
  5.171;
  5.386;
  5.273;
  5.264;
  5.293;
  5.567;
  5.517;
  5.422;
  5.416;
  5.321;
  5.284;
  5.311;
  5.074;
  5.101;
  5.133;
  5.134;
  5.038;
  5.299;
  5.079;
  5.098;
  4.811;
  5.064;
  4.988;
  4.898;
  4.844;
  4.778;
  4.704;
  4.688;
  4.483;
  4.751;
  4.561;
  4.636;
  4.620;
  4.571;
  4.330;
  4.408;
  4.226;
  4.253;
  4.268;
  4.308;
  4.165;
  4.023;
  4.173;
  4.061;
  4.090;
  4.093;
  4.096;
  4.031;
  3.925;
  3.935;
  3.931;
  3.762;
  3.862;
  3.698;
  3.897;
  3.617;
  3.643;
  3.892;
  3.632;
  3.682;
  3.848;
  3.543;
  3.578;
  3.615;
  3.638;
  3.465;
  3.535;
  3.662;
  3.537;
  3.492;
  3.573;
  3.467;
  3.538;
  3.388;
  3.512;
  3.490;
  3.318;
  3.460;
  3.495;
  3.408;
  3.463;
  3.385;
  3.472;
  3.213;
  3.227;
  3.407;
  3.292;
  3.377;
  3.313;
  3.367;
  3.365;
  3.360;
  3.190;
  3.287;
  3.232;
  3.177;
  3.215;
  3.347;
  3.192;
  3.230;
  3.282;
  3.094;
  3.012;
  3.179;
  3.014;
  3.070;
  2.972;
  3.074;
  2.949;
  2.952;
  2.892;
  2.740;
  2.852;
  2.907;
  2.594;
  2.774;
  2.725;
  2.699;
  2.537;
  2.592;
  2.695;
  2.545;
  2.490;
  2.489;
  2.525;
  2.469;
  2.407;
  2.374;
  2.409;
  2.379;
  2.241;
  2.287;
  2.274;
  2.224;
  2.234;
  2.187;
  2.197;
  2.092;
  1.987;
  2.039;
  1.991;
  1.759;
  1.784;
  1.851;
  1.846;
  1.724;
  1.709;
  1.628;
  1.718;
  1.633;
  1.643;
  1.568;
  1.534;
  1.543;
  1.571;
  1.434;
  1.424;
  1.494;
  1.488;
  1.378;
  1.423;
  1.351;
  1.346;
  1.361;
  1.421;
  1.413;
  1.401;
  1.399;
  1.354;
  1.408;
  1.539;
  1.538;
  1.533;
  1.511;
  1.543;
  1.749;
  1.691;
  1.854;
  1.994;
  2.147;
  2.261;
  2.351;
  2.371;
  2.689;
  2.614;
  2.825;
  3.027;
  3.243;
  3.268;
  3.487;
  3.600;
  4.018;
  3.965;
  4.171;
  4.291;
  4.591;
  4.761;
  5.078;
  5.213;
  5.527;
  5.824;
  6.285;
  6.684;
  6.768;
  6.830;
  7.263;
  7.205;
  7.388;
  7.407;
  7.240;
  7.137;
  6.897;
  6.694;
  6.327;
  5.862;
  5.507;
  5.313;
  4.898;
  4.641;
  4.575;
  4.356;
  4.371;
  4.391;
  4.418;
  4.520;
  4.866;
  5.178;
  5.417;
  5.802;
  6.079;
  6.497;
  6.912;
  7.062;
  7.333;
  7.427;
  7.516;
  7.606;
  7.633;
  7.233;
  7.092;
  6.595;
  6.354;
  5.939;
  5.294;
  4.908;
  4.325;
  3.807;
  3.363;
  2.927;
  2.507;
  2.151;
  1.698;
  1.448;
  1.148;
 0.9629;
 0.8463;
 0.6330;
 0.5164;
 0.4448;
 0.3732;
 0.3115;
 0.2682;
 0.2549;
 0.2116;
 0.2232;
 0.1699;
 0.2399;
 0.1899;
 0.2149;
 0.1849;
 0.2082;
 0.1749;
 0.2449;
 0.3032;
 0.2732;
 0.2999;
 0.3248;
 0.3981;
 0.4998;
 0.4331;
 0.6980;
 0.7130;
 0.8379;
 0.9629;
  1.068;
  1.189;
  1.421;
  1.698;
  1.899;
  1.981;
  2.500;
  2.555;
  2.772;
  2.972;
  3.262;
  3.300;
  3.630;
  3.773;
  3.707;
  4.103;
  4.141;
  4.271;
  4.100;
  4.075;
  4.045;
  3.887;
  3.677;
  3.450;
  3.179;
  3.077;
  2.800;
  2.577;
  2.367;
  2.096;
  1.826;
  1.561;
  1.356;
  1.204;
  1.103;
 0.8729;
 0.7913;
 0.6031;
 0.4831;
 0.4198;
 0.4115;
 0.3215;
 0.2815;
 0.2199;
 0.1516;
 0.1666;
 0.1349;
 0.1533;
 0.1266;
0.09829;
 0.1033;
0.09496;
0.08163;
0.09162;
 0.1083;
0.08663;
0.06497;
0.09829;
0.08996;
0.07996;
0.08163;
0.08496;
0.08163;
0.07663;
0.06830;
0.08496;
0.07496;
0.09162;
0.08329;
0.08496;
0.09329;
0.08163;
0.05997;
0.09162;
0.06997;
0.07663;
0.07996;
0.07830;
0.07496;
0.08329;
0.07663;
0.07163;
0.06497;
0.05997;
0.07163;
0.06664;
0.05664;
0.07330;
0.06664;
0.07830;
0.05664;
0.06497;
0.06497;
0.08163;
0.07496;
0.07496;
0.05164;
0.07163;
0.04998;
0.05664;
0.05164;
0.05164;
0.05664;
0.05331;
0.08663;
0.06164;
0.06830;
0.06664;
0.04998;
0.05831;
0.07163;
0.07830;
0.06330;
0.06664;
0.05164;
0.06997;
0.06664;
0.07830;
0.05497;
0.06330;
0.07830;
0.05997;
0.06164;
0.05331;
0.07663;
0.07163;
0.07496;
0.07663;
0.06830;
0.07330;
0.07663;
0.06830;
0.07996;
0.06664;
0.07330;
0.07330;
0.08663;
 0.1033;
0.06497;
0.06830;
0.07330;
0.06664;
0.05997;
0.07830;
0.06164;
0.06664;
0.07830;
0.05831;
0.06830;
0.06164;
0.05997;
0.06330;
0.06830;
0.07330;
0.05664;
0.03665;
0.04998;
0.05164;
0.04998;
0.06997;
0.04331;
0.04998;
0.05331;
0.03998;
0.04831;
0.05497;
0.05164;
0.03332;
0.05831;
0.03665;
0.06330;
0.03498;
0.05497;
0.04165;
0.04998;
0.03998;
0.05997;
0.04831;
0.05164;
0.05831;
0.04998;
0.04165;
0.04664;
0.04831;
0.06664;
0.06164;
0.07496;
0.06164;
0.06997;
0.07496;
0.06497;
0.05831;
0.06330;
0.06997;
0.07330;
0.05497;
0.06164;
0.07330;
0.08996;
0.06164;
0.08496;
0.07830;
0.07330;
0.07496;
0.05831;
0.07496;
0.06830;
0.06830;
0.08829;
0.07496;
0.07163;
0.07496;
0.06497;
0.05831;
0.05664;
0.04998;
0.05331;
0.06164;
0.04165;
0.04998;
0.06164;
0.05497;
0.03332;
0.03165;
0.04331;
0.03998;
0.03165;
0.03332;
0.03665;
0.02332;
0.01666;
0.02332;
0.02665;
0.01499;
0.01999;
0.01999;
0.02332;
0.02332;
0.01666;
0.00833;
0.01832;
0.01999;
0.01666;
0.02166;
0.01499;
0.01499;
0.01333;
0.01832;
0.00500;
0.01499;
0.01832;
0.01499;
0.00833;
0.01666;
0.00666;
0.01499;
0.01499;
0.01832;
0.01166;
0.00666;
0.01000;
0.00666;
0.01166;
0.01000;
0.01666;
0.01666;
0.00833;
0.01166;
0.01499;
0.02166;
0.01832;
0.01832;
0.01499;
0.02499;
0.01999;
0.02665;
0.03665;
0.03998;
0.02665;
0.02499;
0.04331;
0.04498;
0.03665;
0.03998;
0.05164;
0.04664;
0.05497;
0.05831;
0.04331;
0.05831;
0.05164;
0.07496;
0.06830;
0.07996;
0.05164;
0.06497;
0.07663;
0.05664;
0.07496;
0.06997;
0.06330;
0.07330;
0.07496;
0.06997;
0.07330;
0.07663;
0.06164;
0.06830;
0.07163;
0.05997;
0.06497;
0.05331;
0.05664;
0.05164;
0.05497;
0.06997;
0.05164;
0.04331;
0.03665;
0.05164;
0.04331;
0.05664;
0.06497;
0.05831;
0.04498;
0.04831;
0.03998;
0.04664;
0.02999;
0.05164;
0.05164;
0.05497;
0.05497;
0.04331;
0.03498;
0.03832;
0.03832;
0.04165;
0.04331;
0.03332;
0.02832;
0.02665;
0.04331;
0.01499;
0.02999;
0.03498;
0.02166;
0.02832;
0.02499;
0.02832;
0.02332;
0.01499;
0.02166;
0.01166;
0.01499;
0.02166;
0.01000;
0.01166;
0.01000;
0.01832;
0.01666;
0.01000;
0.01166;
0.01000;
0.00833;
0.01000;
0.00666;
0.00833;
0.00833;
0.00666;
0.00333;
0.00833;
0.00833;
0.00167;
0.00167;
0.00333;
0.00167;
0.00333;
0.00167;
    0.0;
0.00167;
0.00500;
0.00167;
0.00833;
0.00500;
0.00167;
0.00333;
0.00333;
0.00500;
    0.0;
0.00167;
0.00167;
0.00167;
0.00167;
0.00167;
0.00500;
    0.0;
    0.0;
    0.0;
0.00333;
0.00500;
0.00666;
0.00333;
    0.0;
0.00167;
    0.0;
0.00500;
0.00333;
0.00167;
    0.0;
0.00333;
0.00500;
0.00500;
0.00500;
    0.0;
0.00500;
0.00333;
0.00167;
    0.0;
0.00500;
    0.0;
0.00833;
0.00333;
0.00167;
0.00167;
    0.0;
    0.0;
    0.0;
0.00167;
0.00167;
0.00333;
0.00500;
    0.0;
0.00167;
    0.0;
0.00333;
0.00167;
0.00333;
0.00500;
    0.0;
    0.0;
0.00333;
0.00333;
0.00333;
0.00167;
0.00333;
0.00167;
0.00167;
0.00333;
    0.0;
0.00167;
0.00167;
0.00167;
0.00167;
    0.0;
0.00167;
0.00333;
    0.0;
0.00167;
0.00666;
0.00333;
0.00333;
0.00167;
    0.0;
0.00167;
0.00167;
0.00167;
0.00333;
0.00333;
0.00167;
0.00666;
0.00167;
0.00333;
0.00167;
0.00500;
0.00333;
0.00333;
0.00167;
0.00666;
    0.0;
0.00666;
    0.0;
    0.0;
    0.0;
0.00333;
0.00333;
0.00167;
    0.0;
0.00333;
0.00167;
0.00167;
    0.0;
    0.0;
0.00333;
    0.0;
    0.0;
0.00333;
0.00333;
    0.0;
    0.0;
    0.0;
0.00167;
0.00333;
0.00167;
    0.0;
    0.0;
    0.0;
0.00500;
0.00167;
0.00333;
0.00333;
0.00333;
    0.0;
    0.0;
    0.0;
0.00333;
    0.0;
    0.0;
0.00167;
0.00167;
    0.0;
    0.0;
    0.0;
    0.0;
0.00333;
    0.0;
    0.0;
    0.0;
    0.0;
0.00167;
0.00333;
    0.0;
0.00167;
0.00167;
    0.0;
0.00167;
    0.0;
    0.0;
    0.0;
0.00167;
    0.0;
    0.0;
    0.0;
    0.0;
0.00167;
0.00333;
    0.0;
    0.0;
    0.0;
0.00500;
0.00167;
    0.0;
0.00167;
    0.0;
    0.0;
0.00167;
0.00167;
    0.0;
0.00333;
    0.0;
    0.0;
    0.0;
    0.0;
0.00167;
    0.0;
    0.0;
    0.0;
    0.0;
0.00333;
0.00167;
    0.0;
    0.0;
0.00167;
    0.0;
    0.0;
0.00167;
0.00167;
0.00167;
    0.0;
0.00167;
0.00167;
    0.0;
0.00333;
0.00167;
0.00167;
0.00167;
    0.0;
    0.0;
    0.0;
    0.0;
0.00167;
    0.0;
    0.0;
    0.0;
    0.0;
0.00167;
    0.0;
    0.0;
    0.0;
0.00167;
    0.0;
    0.0;
0.00333;
0.00333;
0.00167;
0.00167;
0.00333;
    0.0;
    0.0;
    0.0;
0.00167;
    0.0;
0.00167;
    0.0;
0.00500;
    0.0;
    0.0;
    0.0;
0.00167;
    0.0;
    0.0;
    0.0;
    0.0;
    0.0;
    0.0;
    0.0;
0.00167;
0.00167;
    0.0;
0.00167;
0.00167;
    0.0;
0.00167;
    0.0;
Base Values     :
0.000000;
0.000000;
0.000000;
0.000000;
0.000000;
0.000000;
0.000000;
0.000000;
0.000000;
0.000000;
0.000000;
0.000000;
0.000000;
0.000000;
0.000000;
0.000000;
0.000000;
0.000000;
0.000000;
0.000000;
0.000000;
0.000000;
0.000000;
0.000000;
0.000000;
0.000000;
0.000000;
0.000000;
0.000000;
0.000000;
0.000000;
0.000000;
0.000000;
0.000000;
0.000000;
0.000000;
0.000000;
0.000000;
0.000000;
0.000000;
0.000000;
0.000000;
0.000000;
0.000000;
0.000000;
0.000000;
0.000000;
0.000000;
0.000000;
0.000000;
0.000000;
0.000000;
0.000000;
0.000000;
0.000000;
0.000000;
0.000000;
0.000000;
0.000000;
0.000000;
0.000000;
0.000000;
0.000000;
0.000000;
0.000000;
0.000000;
0.000000;
0.000000;
0.000000;
0.000000;
0.000000;
0.000000;
0.000000;
0.000000;
0.000000;
0.000000;
0.000000;
0.000000;
0.000000;
0.000000;
0.000000;
0.000000;
0.000000;
0.000000;
0.000000;
0.000000;
0.000000;
0.000000;
0.000000;
0.000000;
0.000000;
0.000000;
0.000000;
0.000000;
0.000000;
0.000000;
0.000000;
0.000000;
0.000000;
0.000000;
0.000000;
0.000000;
0.000000;
0.000000;
0.000000;
0.000000;
0.000000;
0.000000;
0.000000;
0.000000;
0.000000;
0.000000;
0.000000;
0.000000;
0.000000;
0.000000;
0.000000;
0.000000;
0.000000;
0.000000;
0.000000;
0.000000;
0.000000;
0.000000;
0.000000;
0.000000;
0.000000;
0.000000;
0.000000;
0.000000;
0.000000;
0.000000;
0.000000;
0.000000;
0.000000;
0.000000;
0.000000;
0.000000;
0.000000;
0.000000;
0.000000;
0.000000;
0.000000;
0.000000;
0.000000;
0.000000;
0.000000;
0.000000;
0.000000;
0.000000;
0.000000;
0.000000;
0.000000;
0.000000;
0.000000;
0.000000;
0.000000;
0.000000;
0.000000;
0.000000;
0.000000;
0.000000;
0.000000;
0.000000;
0.000000;
0.000000;
0.000000;
0.000000;
0.000000;
0.000000;
0.000000;
0.000000;
0.000000;
0.000000;
0.000000;
0.000000;
0.000000;
0.000000;
0.000000;
0.000000;
0.000000;
0.000000;
0.000000;
0.000000;
0.000000;
0.000000;
0.000000;
0.000000;
0.000000;
0.000000;
0.000000;
0.000000;
0.000000;
0.000000;
0.000000;
0.000000;
0.000000;
0.000000;
0.000000;
0.000000;
0.000000;
0.000000;
0.000000;
0.000000;
0.000000;
0.000000;
0.000000;
0.000000;
0.000000;
0.000000;
0.000000;
0.000000;
0.000000;
0.000000;
0.000000;
0.000000;
0.000000;
0.000000;
0.000000;
0.000000;
0.000000;
0.000000;
0.000000;
0.000000;
0.000000;
0.000000;
0.000000;
0.000000;
0.000000;
0.000000;
0.000000;
0.000000;
0.000000;
0.000000;
0.000000;
0.000000;
0.000000;
0.000000;
0.000000;
0.000000;
0.000000;
0.000000;
0.000000;
0.000000;
0.000000;
0.000000;
0.000000;
0.000000;
0.000000;
0.000000;
0.000000;
0.000000;
0.000000;
0.000000;
0.000000;
0.000000;
0.000000;
0.000000;
0.000000;
0.000000;
0.000000;
0.000000;
0.000000;
0.000000;
0.000000;
0.000000;
0.000000;
0.000000;
0.000000;
0.000000;
0.000000;
0.000000;
0.000000;
0.000000;
0.000000;
0.000000;
0.000000;
0.000000;
0.000000;
0.000000;
0.000000;
0.000000;
0.000000;
0.000000;
0.000000;
0.000000;
0.000000;
0.000000;
0.000000;
0.000000;
0.000000;
0.000000;
0.000000;
0.000000;
0.000000;
0.000000;
0.000000;
0.000000;
0.000000;
0.000000;
0.000000;
0.000000;
0.000000;
0.000000;
0.000000;
0.000000;
0.000000;
0.000000;
0.000000;
0.000000;
0.000000;
0.000000;
0.000000;
0.000000;
0.000000;
0.000000;
0.000000;
0.000000;
0.000000;
0.000000;
0.000000;
0.000000;
0.000000;
0.000000;
0.000000;
0.000000;
0.000000;
0.000000;
0.000000;
0.000000;
0.000000;
0.000000;
0.000000;
0.000000;
0.000000;
0.000000;
0.000000;
0.000000;
0.000000;
0.000000;
0.000000;
0.000000;
0.000000;
0.000000;
0.000000;
0.000000;
0.000000;
0.000000;
0.000000;
0.000000;
0.000000;
0.000000;
0.000000;
0.000000;
0.000000;
0.000000;
0.000000;
0.000000;
0.000000;
0.000000;
0.000000;
0.000000;
0.000000;
0.000000;
0.000000;
0.000000;
0.000000;
0.000000;
0.000000;
0.000000;
0.000000;
0.000000;
0.000000;
0.000000;
0.000000;
0.000000;
0.000000;
0.000000;
0.000000;
0.000000;
0.000000;
0.000000;
0.000000;
0.000000;
0.000000;
0.000000;
0.000000;
0.000000;
0.000000;
0.000000;
0.000000;
0.000000;
0.000000;
0.000000;
0.000000;
0.000000;
0.000000;
0.000000;
0.000000;
0.000000;
0.000000;
0.000000;
0.000000;
0.000000;
0.000000;
0.000000;
0.000000;
0.000000;
0.000000;
0.000000;
0.000000;
0.000000;
0.000000;
0.000000;
0.000000;
0.000000;
0.000000;
0.000000;
0.000000;
0.000000;
0.000000;
0.000000;
0.000000;
0.000000;
0.000000;
0.000000;
0.000000;
0.000000;
0.000000;
0.000000;
0.000000;
0.000000;
0.000000;
0.000000;
0.000000;
0.000000;
0.000000;
0.000000;
0.000000;
0.000000;
0.000000;
0.000000;
0.000000;
0.000000;
0.000000;
0.000000;
0.000000;
0.000000;
0.000000;
0.000000;
0.000000;
0.000000;
0.000000;
0.000000;
0.000000;
0.000000;
0.000000;
0.000000;
0.000000;
0.000000;
0.000000;
0.000000;
0.000000;
0.000000;
0.000000;
0.000000;
0.000000;
0.000000;
0.000000;
0.000000;
0.000000;
0.000000;
0.000000;
0.000000;
0.000000;
0.000000;
0.000000;
0.000000;
0.000000;
0.000000;
0.000000;
0.000000;
0.000000;
0.000000;
0.000000;
0.000000;
0.000000;
0.000000;
0.000000;
0.000000;
0.000000;
0.000000;
0.000000;
0.000000;
0.000000;
0.000000;
0.000000;
0.000000;
0.000000;
0.000000;
0.000000;
0.000000;
0.000000;
0.000000;
0.000000;
0.000000;
0.000000;
0.000000;
0.000000;
0.000000;
0.000000;
0.000000;
0.000000;
0.000000;
0.000000;
0.000000;
0.000000;
0.000000;
0.000000;
0.000000;
0.000000;
0.000000;
0.000000;
0.000000;
0.000000;
0.000000;
0.000000;
0.000000;
0.000000;
0.000000;
0.000000;
0.000000;
0.000000;
0.000000;
0.000000;
0.000000;
0.000000;
0.000000;
0.000000;
0.000000;
0.000000;
0.000000;
0.000000;
0.000000;
0.000000;
0.000000;
0.000000;
0.000000;
0.000000;
0.000000;
0.000000;
0.000000;
0.000000;
0.000000;
0.000000;
0.000000;
0.000000;
0.000000;
0.000000;
0.000000;
0.000000;
0.000000;
0.000000;
0.000000;
0.000000;
0.000000;
0.000000;
0.000000;
0.000000;
0.000000;
0.000000;
0.000000;
0.000000;
0.000000;
0.000000;
0.000000;
0.000000;
0.000000;
0.000000;
0.000000;
0.000000;
0.000000;
0.000000;
0.000000;
0.000000;
0.000000;
0.000000;
0.000000;
0.000000;
0.000000;
0.000000;
0.000000;
0.000000;
0.000000;
0.000000;
0.000000;
0.000000;
0.000000;
0.000000;
0.000000;
0.000000;
0.000000;
0.000000;
0.000000;
0.000000;
0.000000;
0.000000;
0.000000;
0.000000;
0.000000;
0.000000;
0.000000;
0.000000;
0.000000;
0.000000;
0.000000;
0.000000;
0.000000;
0.000000;
0.000000;
0.000000;
0.000000;
0.000000;
0.000000;
0.000000;
0.000000;
0.000000;
0.000000;
0.000000;
0.000000;
0.000000;
0.000000;
0.000000;
0.000000;
0.000000;
0.000000;
0.000000;
0.000000;
0.000000;
0.000000;
0.000000;
0.000000;
0.000000;
0.000000;
0.000000;
0.000000;
0.000000;
0.000000;
0.000000;
0.000000;
0.000000;
0.000000;
0.000000;
0.000000;
0.000000;
0.000000;
0.000000;
0.000000;
0.000000;
0.000000;
0.000000;
0.000000;
0.000000;
0.000000;
0.000000;
0.000000;
0.000000;
0.000000;
0.000000;
0.000000;
0.000000;
0.000000;
0.000000;
0.000000;
0.000000;
0.000000;
0.000000;
0.000000;
0.000000;
0.000000;
0.000000;
0.000000;
0.000000;
0.000000;
0.000000;
0.000000;
0.000000;
0.000000;
0.000000;
0.000000;
0.000000;
0.000000;
0.000000;
0.000000;
0.000000;
0.000000;
0.000000;
0.000000;
0.000000;
0.000000;
0.000000;
0.000000;
0.000000;
0.000000;
0.000000;
0.000000;
0.000000;
0.000000;
0.000000;
0.000000;
0.000000;
0.000000;
0.000000;
0.000000;
0.000000;
0.000000;
0.000000;
0.000000;
0.000000;
0.000000;
0.000000;
0.000000;
0.000000;
0.000000;
0.000000;
0.000000;
0.000000;
0.000000;
0.000000;
0.000000;
0.000000;
0.000000;
0.000000;
0.000000;
0.000000;
0.000000;
0.000000;
0.000000;
0.000000;
0.000000;
0.000000;
0.000000;
0.000000;
0.000000;
0.000000;
0.000000;
0.000000;
0.000000;
0.000000;
0.000000;
0.000000;
0.000000;
0.000000;
0.000000;
0.000000;
0.000000;
0.000000;
0.000000;
0.000000;
0.000000;
0.000000;
0.000000;
0.000000;
0.000000;
0.000000;
0.000000;
0.000000;
0.000000;
0.000000;
0.000000;
0.000000;
0.000000;
0.000000;
0.000000;
0.000000;
0.000000;
0.000000;
0.000000;
0.000000;
0.000000;
0.000000;
0.000000;
0.000000;
0.000000;
0.000000;
0.000000;
0.000000;
0.000000;
0.000000;
0.000000;
0.000000;
0.000000;
0.000000;
0.000000;
0.000000;
0.000000;
0.000000;
0.000000;
0.000000;
0.000000;
0.000000;
0.000000;
0.000000;
0.000000;
0.000000;
0.000000;
0.000000;
0.000000;
0.000000;
0.000000;
0.000000;
0.000000;
0.000000;
0.000000;
0.000000;
0.000000;
0.000000;
0.000000;
0.000000;
0.000000;
0.000000;
0.000000;
0.000000;
0.000000;
0.000000;
0.000000;
0.000000;
0.000000;
0.000000;
0.000000;
0.000000;
0.000000;
0.000000;
0.000000;
0.000000;
0.000000;
0.000000;
0.000000;
0.000000;
0.000000;
0.000000;
0.000000;
0.000000;
0.000000;
0.000000;
0.000000;
0.000000;
0.000000;
0.000000;
0.000000;
0.000000;
0.000000;
0.000000;
0.000000;
0.000000;
0.000000;
0.000000;
0.000000;
0.000000;
0.000000;
0.000000;
0.000000;
0.000000;
0.000000;
0.000000;
0.000000;
0.000000;
0.000000;
0.000000;
0.000000;
0.000000;
0.000000;
0.000000;
0.000000;
0.000000;
0.000000;
0.000000;
0.000000;
0.000000;
0.000000;
0.000000;
0.000000;
0.000000;
0.000000;
0.000000;
0.000000;
0.000000;
0.000000;
0.000000;
0.000000;
0.000000;
0.000000;
0.000000;
0.000000;
0.000000;
0.000000;
0.000000;
0.000000;
0.000000;
0.000000;
0.000000;
0.000000;
0.000000;
0.000000;
0.000000;
0.000000;
0.000000;
0.000000;
0.000000;
0.000000;
0.000000;
0.000000;
0.000000;
0.000000;
0.000000;
0.000000;
0.000000;
0.000000;
0.000000;
0.000000;
0.000000;
0.000000;
0.000000;
0.000000;
0.000000;
0.000000;
0.000000;
0.000000;
0.000000;
0.000000;
0.000000;
0.000000;
0.000000;
0.000000;
0.000000;
0.000000;
0.000000;
0.000000;
0.000000;
0.000000;
0.000000;
0.000000;
0.000000;
0.000000;
0.000000;
0.000000;
0.000000;
0.000000;
0.000000;
0.000000;
0.000000;
0.000000;
0.000000;
0.000000;
0.000000;
0.000000;
0.000000;
0.000000;
0.000000;
0.000000;
0.000000;
0.000000;
0.000000;
0.000000;
0.000000;
0.000000;
0.000000;
0.000000;
0.000000;
0.000000;
0.000000;
0.000000;
0.000000;
0.000000;
0.000000;
0.000000;
0.000000;
0.000000;
0.000000;
0.000000;
0.000000;
0.000000;
0.000000;
0.000000;
0.000000;
0.000000;
0.000000;
0.000000;
0.000000;
0.000000;
0.000000;
0.000000;
0.000000;
0.000000;
0.000000;
0.000000;
0.000000;
0.000000;
0.000000;
0.000000;
0.000000;
0.000000;
0.000000;
0.000000;
0.000000;
0.000000;
0.000000;
0.000000;
0.000000;
0.000000;
0.000000;
0.000000;
0.000000;
0.000000;
0.000000;
0.000000;
0.000000;
0.000000;
0.000000;
0.000000;
0.000000;
0.000000;
0.000000;
0.000000;
END
