

                 Berthold Technologies
                        LB 2045
                  Gamma Spectrometer

                      Laboratory


Sample Name       :                     Meas. Time [s]    :    601
Dead Time Loss [%]: 0.0184
High Voltage [V]  :  834.5              Program Version   :   2.21
Bkg MeasTime [s]  :    634

                          10min        Unit
----------------------------------------------------------
Accuracy          :         0.0
Calibration Factor:       1.000
Background        :       6.953
Region of Interest:    0 - 2048

04. Jul 2012 / 15:08:35

Nuclide   Raw Data [cps]    Result   Uncertainty         MDA      Unit
----------------------------------------------------------------------
10min          35.91         28.96        0.2659      0.4999       cps


Energy Range [keV]  :   2048
COMMENT : a
COMMENT2 : 
Weight [Kg] : 0.432000
BASE DATE : 2012/06/30 10:44:19
BASE TIME (sec) : 64800
Meas. Time [s]      :    601
04. Jul 2012/15:08:35

Spectrum Values [cps]:
    0.0;
    0.0;
    0.0;
    0.0;
    0.0;
    0.0;
    0.0;
    0.0;
    0.0;
    0.0;
    0.0;
    0.0;
    0.0;
    0.0;
    0.0;
    0.0;
    0.0;
    0.0;
    0.0;
    0.0;
    0.0;
    0.0;
    0.0;
0.00499;
0.02829;
0.03328;
0.06822;
0.03993;
0.07986;
0.06156;
0.08818;
 0.1032;
0.08652;
 0.1048;
 0.1115;
0.09983;
 0.1048;
 0.1248;
0.09484;
 0.1431;
 0.1431;
 0.1514;
 0.1747;
 0.2296;
 0.2878;
 0.2579;
 0.2529;
 0.1980;
 0.1814;
 0.1314;
 0.1764;
 0.1730;
 0.1647;
 0.1314;
 0.1464;
 0.1231;
 0.1265;
0.09151;
0.09151;
0.08486;
 0.1198;
 0.1065;
0.09318;
 0.1464;
0.07820;
 0.1248;
 0.1231;
 0.1181;
 0.1048;
 0.1331;
 0.1381;
 0.1248;
 0.1414;
 0.1198;
 0.1248;
 0.1131;
 0.1131;
0.08319;
 0.1082;
 0.1448;
0.09983;
0.09817;
 0.1231;
 0.1198;
 0.1082;
 0.1181;
 0.1048;
 0.1198;
 0.1015;
 0.1148;
 0.1082;
 0.1331;
 0.1298;
 0.1348;
 0.1348;
 0.1048;
 0.1131;
 0.1115;
 0.1348;
 0.1298;
 0.1215;
 0.1248;
 0.1431;
 0.1531;
 0.1531;
 0.1448;
 0.1364;
 0.1830;
 0.1448;
 0.1814;
 0.1547;
 0.1747;
 0.1830;
 0.1431;
 0.1614;
 0.1514;
 0.1697;
 0.1631;
 0.1514;
 0.1531;
 0.1464;
 0.1564;
 0.1664;
 0.1464;
 0.1481;
 0.1381;
 0.1514;
 0.1431;
 0.1281;
 0.1298;
 0.1381;
 0.1265;
 0.1314;
 0.1298;
 0.1298;
 0.1314;
 0.1265;
 0.1314;
 0.1248;
 0.1431;
 0.1231;
 0.1131;
 0.1398;
 0.1198;
 0.1015;
 0.1032;
 0.1198;
 0.1015;
 0.1098;
 0.1082;
0.08153;
 0.1015;
 0.1098;
 0.1048;
0.09817;
 0.1048;
 0.1065;
0.09318;
0.09318;
 0.1065;
0.09983;
0.07155;
 0.1015;
0.09650;
0.09318;
0.09983;
0.08486;
0.08319;
0.08486;
 0.1231;
0.07820;
0.06156;
0.09817;
0.07820;
0.06323;
0.07487;
0.09817;
0.07986;
0.07986;
0.08985;
0.05491;
0.08153;
0.09318;
0.09151;
0.05491;
0.07487;
0.07820;
0.09983;
0.09151;
0.08486;
0.08319;
0.06655;
0.07654;
0.08985;
0.07986;
0.08818;
0.06655;
0.06988;
0.06988;
0.08153;
0.06489;
0.05491;
0.06323;
0.07321;
0.08153;
0.06489;
0.08818;
0.06156;
0.07155;
0.06156;
0.06655;
0.07321;
0.07321;
0.06655;
0.05657;
0.06822;
0.04992;
0.05324;
0.06655;
0.06323;
0.04160;
0.05158;
0.06489;
0.06489;
0.05657;
0.05657;
0.05657;
0.07321;
0.05657;
0.05491;
0.04825;
0.06489;
0.07155;
0.06323;
0.05324;
0.05158;
0.04825;
0.04492;
0.06323;
0.05823;
0.05158;
0.04659;
0.04992;
0.04992;
0.05990;
0.04160;
0.03827;
0.04492;
0.03161;
0.03494;
0.04492;
0.03494;
0.05491;
0.04326;
0.03494;
0.04160;
0.04160;
0.02829;
0.02662;
0.05491;
0.02496;
0.03161;
0.03827;
0.03993;
0.03161;
0.04659;
0.03827;
0.03660;
0.02662;
0.03161;
0.03827;
0.02829;
0.03827;
0.03161;
0.04326;
0.04659;
0.03328;
0.03827;
0.06655;
0.03161;
0.01830;
0.03993;
0.03660;
0.01997;
0.04326;
0.03494;
0.05158;
0.04492;
0.04492;
0.03993;
0.03328;
0.05491;
0.03827;
0.04825;
0.05158;
0.05657;
0.06655;
0.05990;
0.07487;
0.06988;
0.07986;
0.05823;
0.09484;
0.06822;
0.08486;
0.08652;
 0.1015;
0.09817;
 0.1148;
0.09318;
 0.1082;
0.09650;
0.09817;
 0.1098;
 0.1198;
 0.1314;
 0.1131;
 0.1131;
 0.1514;
 0.1248;
 0.1381;
 0.1015;
 0.1148;
0.09983;
 0.1082;
 0.1032;
 0.1015;
 0.1032;
0.07155;
0.07654;
0.08652;
0.07155;
0.08153;
0.09983;
0.09983;
 0.1065;
0.07654;
 0.1265;
 0.1198;
 0.1331;
 0.1331;
 0.1314;
 0.1165;
 0.1231;
 0.1364;
 0.1664;
 0.1281;
 0.1231;
 0.1265;
 0.1464;
 0.1098;
0.09318;
0.06822;
0.08985;
0.06156;
0.05158;
0.05158;
0.04326;
0.02829;
0.03328;
0.02829;
0.02329;
0.02662;
0.02329;
0.01997;
0.01497;
0.01331;
0.00832;
0.01331;
0.01997;
0.01331;
0.01165;
0.00998;
0.01497;
0.00666;
0.00832;
0.01331;
0.00998;
0.00832;
0.01497;
0.01997;
0.01497;
0.01331;
0.00666;
0.01165;
0.00998;
0.01331;
0.01497;
0.01331;
0.01664;
0.01830;
0.00998;
0.02496;
0.03161;
0.03494;
0.02329;
0.03328;
0.03494;
0.04160;
0.03993;
0.04492;
0.05657;
0.05491;
0.06655;
0.07155;
0.06489;
0.06822;
0.06988;
0.06822;
0.07487;
0.06655;
0.06822;
0.06323;
0.03993;
0.05491;
0.05823;
0.05158;
0.04326;
0.04992;
0.05990;
0.03827;
0.04825;
0.02995;
0.02995;
0.03660;
0.02163;
0.02329;
0.01664;
0.02329;
0.01664;
0.00832;
0.01497;
0.01664;
0.00666;
0.01331;
0.01497;
0.01331;
0.00333;
0.00666;
0.00333;
0.01331;
0.00333;
0.01165;
0.00666;
0.00499;
0.00832;
0.00499;
0.00666;
0.00998;
0.00666;
0.00832;
0.00499;
0.00832;
0.00499;
0.01165;
0.00832;
0.00499;
0.00998;
0.00832;
0.00998;
0.00333;
0.00998;
0.00666;
0.00666;
0.00499;
0.00832;
0.00666;
0.00666;
0.00832;
0.00166;
0.00666;
0.00499;
0.01497;
0.00499;
0.00166;
0.00166;
0.00666;
0.00998;
0.00499;
0.00998;
0.00666;
0.00998;
0.01165;
    0.0;
0.00832;
0.00666;
0.00499;
0.00666;
0.00166;
0.00333;
0.01331;
0.00333;
0.00499;
0.00666;
    0.0;
0.00666;
0.00499;
0.00333;
0.00998;
0.01165;
0.01664;
0.00666;
0.01165;
0.00499;
0.00333;
0.00832;
0.00333;
0.00499;
0.00333;
0.00832;
0.00998;
0.00832;
0.00166;
0.00499;
0.00666;
0.00333;
0.00333;
0.00832;
0.00499;
0.00499;
0.00499;
0.00499;
0.00166;
0.00333;
0.00333;
0.00499;
0.00499;
0.00166;
0.00666;
0.00333;
0.00998;
0.00666;
0.00499;
0.00166;
0.00333;
0.00333;
0.00333;
0.00998;
0.00166;
0.00666;
0.00166;
0.00333;
0.00832;
0.00499;
0.00166;
0.00333;
0.00333;
0.00333;
0.00998;
0.01165;
0.00333;
0.00666;
0.00499;
0.00832;
0.00499;
0.00166;
0.00333;
0.00666;
0.00666;
0.00666;
0.00333;
0.00832;
0.00499;
0.00333;
0.00666;
0.00666;
0.00998;
0.00333;
0.00499;
0.00666;
    0.0;
0.00166;
0.00499;
0.00832;
0.00499;
0.01165;
0.00998;
0.00499;
0.00832;
0.00666;
0.00832;
0.01165;
0.00499;
0.00832;
0.00666;
0.00333;
0.01497;
0.00666;
0.00832;
0.00499;
0.00832;
0.00333;
    0.0;
0.00333;
0.00499;
0.00499;
0.00166;
0.00333;
0.00499;
0.00333;
0.00666;
0.00333;
0.01497;
0.00166;
0.00499;
0.00333;
0.00166;
0.00166;
0.00666;
0.00333;
0.00333;
0.00166;
0.00832;
0.00166;
0.00499;
0.01497;
0.00166;
0.00166;
0.00499;
0.00333;
0.00499;
    0.0;
0.00666;
0.00499;
0.00666;
0.00832;
0.00166;
0.01165;
    0.0;
0.00333;
0.00333;
0.00166;
0.00333;
0.00166;
0.00333;
0.00333;
0.00166;
0.00333;
0.00166;
0.00666;
0.00166;
0.00166;
    0.0;
0.00333;
0.00499;
0.00166;
0.00166;
0.00166;
0.00499;
0.00166;
0.00333;
0.00333;
0.00333;
0.00333;
0.00832;
0.00166;
0.00333;
0.00166;
0.00166;
0.00166;
0.00333;
0.00499;
0.00166;
    0.0;
0.00666;
    0.0;
0.00166;
0.00333;
    0.0;
0.00166;
0.00166;
0.00333;
0.00333;
0.00333;
    0.0;
0.00166;
0.00333;
0.00166;
    0.0;
0.00666;
0.00166;
0.00499;
    0.0;
0.00333;
    0.0;
0.00166;
0.00333;
0.00166;
0.00333;
0.00666;
0.00832;
0.00499;
    0.0;
0.00166;
0.00166;
0.00499;
0.00333;
    0.0;
0.00499;
0.00166;
0.00499;
0.00333;
0.00166;
0.00666;
0.00333;
0.00166;
0.00333;
0.00166;
    0.0;
0.00666;
0.00832;
0.00166;
0.00666;
0.00499;
0.00333;
0.00499;
0.00499;
0.00499;
0.00166;
0.00166;
0.00333;
0.00666;
0.00666;
0.00499;
0.00998;
0.00333;
0.00832;
0.00998;
0.00832;
0.01165;
0.00998;
0.00832;
0.01830;
0.01830;
0.00666;
0.00832;
0.01165;
0.00832;
0.00499;
0.00666;
0.00166;
0.00832;
0.00666;
0.00666;
0.00666;
0.00832;
0.00666;
0.00998;
0.01165;
0.00998;
0.01165;
0.00499;
    0.0;
0.00333;
0.00166;
0.00666;
0.00666;
0.00832;
0.00666;
0.00333;
0.00832;
0.00832;
    0.0;
0.00499;
0.00166;
    0.0;
0.00166;
0.00499;
0.00166;
0.00166;
0.00166;
    0.0;
    0.0;
    0.0;
    0.0;
    0.0;
    0.0;
    0.0;
    0.0;
0.00166;
    0.0;
    0.0;
    0.0;
    0.0;
0.00333;
0.00333;
    0.0;
0.00166;
    0.0;
0.00333;
0.00166;
    0.0;
0.00499;
    0.0;
0.00166;
    0.0;
    0.0;
    0.0;
0.00166;
    0.0;
0.00333;
    0.0;
    0.0;
0.00166;
    0.0;
0.00166;
0.00166;
    0.0;
    0.0;
    0.0;
    0.0;
0.00333;
0.00166;
0.00166;
    0.0;
    0.0;
0.00166;
    0.0;
    0.0;
    0.0;
    0.0;
    0.0;
0.00166;
0.00166;
0.00166;
    0.0;
0.00166;
0.00166;
    0.0;
    0.0;
0.00333;
    0.0;
    0.0;
    0.0;
    0.0;
0.00166;
    0.0;
0.00166;
    0.0;
    0.0;
    0.0;
    0.0;
0.00333;
0.00166;
    0.0;
    0.0;
    0.0;
    0.0;
0.00166;
    0.0;
    0.0;
0.00333;
0.00333;
    0.0;
    0.0;
0.00166;
    0.0;
0.00166;
    0.0;
0.00166;
    0.0;
0.00166;
    0.0;
0.00333;
0.00166;
    0.0;
    0.0;
0.00333;
0.00166;
0.00166;
    0.0;
0.00166;
0.00166;
0.00166;
    0.0;
    0.0;
    0.0;
    0.0;
0.00166;
    0.0;
0.00166;
    0.0;
0.00166;
0.00333;
    0.0;
0.00166;
    0.0;
    0.0;
    0.0;
    0.0;
0.00166;
    0.0;
    0.0;
    0.0;
0.00333;
    0.0;
    0.0;
    0.0;
    0.0;
    0.0;
    0.0;
    0.0;
    0.0;
    0.0;
    0.0;
    0.0;
0.00166;
    0.0;
    0.0;
0.00166;
    0.0;
    0.0;
    0.0;
    0.0;
0.00166;
    0.0;
    0.0;
    0.0;
    0.0;
    0.0;
    0.0;
0.00166;
    0.0;
0.00166;
    0.0;
0.00333;
    0.0;
    0.0;
    0.0;
0.00166;
0.00166;
    0.0;
    0.0;
    0.0;
    0.0;
    0.0;
    0.0;
    0.0;
    0.0;
    0.0;
    0.0;
    0.0;
    0.0;
    0.0;
    0.0;
    0.0;
    0.0;
    0.0;
    0.0;
    0.0;
    0.0;
    0.0;
    0.0;
    0.0;
    0.0;
    0.0;
    0.0;
    0.0;
    0.0;
    0.0;
    0.0;
    0.0;
    0.0;
    0.0;
0.00166;
    0.0;
    0.0;
0.00166;
    0.0;
    0.0;
    0.0;
    0.0;
    0.0;
    0.0;
    0.0;
    0.0;
    0.0;
    0.0;
    0.0;
    0.0;
    0.0;
    0.0;
    0.0;
0.00166;
    0.0;
    0.0;
0.00166;
    0.0;
    0.0;
    0.0;
0.00166;
    0.0;
0.00166;
    0.0;
    0.0;
    0.0;
    0.0;
    0.0;
    0.0;
    0.0;
0.00166;
0.00166;
    0.0;
    0.0;
0.00166;
    0.0;
    0.0;
    0.0;
    0.0;
    0.0;
    0.0;
    0.0;
    0.0;
0.00333;
0.00166;
    0.0;
    0.0;
    0.0;
    0.0;
    0.0;
    0.0;
    0.0;
    0.0;
0.00166;
Base Values     :
0.000000;
0.000000;
0.000000;
0.000000;
0.000050;
0.000000;
0.000000;
0.000000;
0.000000;
0.000000;
0.000000;
0.000000;
0.000000;
0.000000;
0.000000;
0.000000;
0.000000;
0.000000;
0.000020;
0.000020;
0.000000;
0.000000;
0.000060;
0.002480;
0.006910;
0.011300;
0.013830;
0.017560;
0.018160;
0.018190;
0.018440;
0.020450;
0.020190;
0.022610;
0.022590;
0.021590;
0.023750;
0.024010;
0.025350;
0.025260;
0.026790;
0.030790;
0.036790;
0.043630;
0.048970;
0.047790;
0.042310;
0.036080;
0.031470;
0.031200;
0.030820;
0.031310;
0.030250;
0.025340;
0.024400;
0.022730;
0.021440;
0.020770;
0.019980;
0.020190;
0.021050;
0.021680;
0.020390;
0.020600;
0.021440;
0.020910;
0.021400;
0.022550;
0.023350;
0.021110;
0.021910;
0.022100;
0.021700;
0.021540;
0.023230;
0.023130;
0.022640;
0.023460;
0.023020;
0.022580;
0.022920;
0.023500;
0.022560;
0.022650;
0.024680;
0.023980;
0.024260;
0.024230;
0.023750;
0.023350;
0.023580;
0.023320;
0.023950;
0.022790;
0.023550;
0.023490;
0.023800;
0.022330;
0.022930;
0.023490;
0.023500;
0.022360;
0.023330;
0.023460;
0.022930;
0.023490;
0.023320;
0.022530;
0.022990;
0.022420;
0.022580;
0.021900;
0.022310;
0.022640;
0.021980;
0.022720;
0.022730;
0.022480;
0.020860;
0.021810;
0.021420;
0.021870;
0.021700;
0.022450;
0.020860;
0.022560;
0.021900;
0.021640;
0.022220;
0.022560;
0.022440;
0.020820;
0.022130;
0.021980;
0.020430;
0.021960;
0.021540;
0.021060;
0.020560;
0.019520;
0.018300;
0.019640;
0.019040;
0.017840;
0.018460;
0.017870;
0.017070;
0.018350;
0.018730;
0.018320;
0.018560;
0.018390;
0.017470;
0.017780;
0.016470;
0.016680;
0.017450;
0.017270;
0.016400;
0.017870;
0.017040;
0.016700;
0.016850;
0.016500;
0.016100;
0.017310;
0.016160;
0.015220;
0.016220;
0.016680;
0.016200;
0.015140;
0.015630;
0.015510;
0.015020;
0.014690;
0.015390;
0.014350;
0.014690;
0.014630;
0.015080;
0.015120;
0.014400;
0.014600;
0.014910;
0.015050;
0.014270;
0.015020;
0.015120;
0.014980;
0.014880;
0.013670;
0.013870;
0.013810;
0.014940;
0.014630;
0.013730;
0.012810;
0.013470;
0.013350;
0.013430;
0.012560;
0.013860;
0.012100;
0.013020;
0.013160;
0.013090;
0.012100;
0.012920;
0.012810;
0.012440;
0.012470;
0.011700;
0.012650;
0.012190;
0.012070;
0.011870;
0.011510;
0.011570;
0.011130;
0.011540;
0.012280;
0.011620;
0.011300;
0.012450;
0.011270;
0.011650;
0.011250;
0.012100;
0.011330;
0.012250;
0.011220;
0.011470;
0.011680;
0.012180;
0.011420;
0.011330;
0.010760;
0.010430;
0.011280;
0.011330;
0.010970;
0.010740;
0.010880;
0.009810;
0.010520;
0.011650;
0.010740;
0.010490;
0.010760;
0.011470;
0.011030;
0.010340;
0.010000;
0.010310;
0.010540;
0.009720;
0.010050;
0.010900;
0.011600;
0.010060;
0.011000;
0.011100;
0.011370;
0.011470;
0.011600;
0.011360;
0.011160;
0.011900;
0.011640;
0.011220;
0.011620;
0.012130;
0.011280;
0.012070;
0.010660;
0.010850;
0.011360;
0.010930;
0.010430;
0.010660;
0.009750;
0.009880;
0.009940;
0.009830;
0.008970;
0.008770;
0.009000;
0.008780;
0.009240;
0.009210;
0.008770;
0.008350;
0.009150;
0.008600;
0.008360;
0.008410;
0.008290;
0.008780;
0.008290;
0.008920;
0.008320;
0.008810;
0.008430;
0.008530;
0.008840;
0.008700;
0.008610;
0.008350;
0.008900;
0.008900;
0.008120;
0.008750;
0.008690;
0.008240;
0.008630;
0.008160;
0.007580;
0.008090;
0.007930;
0.008300;
0.008020;
0.007760;
0.008320;
0.008320;
0.007920;
0.008230;
0.008230;
0.007670;
0.007640;
0.007330;
0.008120;
0.008090;
0.008300;
0.006880;
0.008040;
0.007040;
0.007310;
0.007450;
0.007620;
0.006960;
0.007440;
0.006640;
0.007070;
0.007640;
0.006640;
0.007360;
0.006820;
0.006540;
0.007470;
0.006540;
0.006820;
0.006640;
0.006840;
0.006930;
0.006900;
0.006360;
0.006530;
0.006940;
0.006640;
0.006160;
0.006670;
0.006620;
0.007280;
0.006670;
0.006530;
0.006620;
0.007080;
0.006810;
0.006700;
0.007050;
0.006450;
0.006220;
0.005880;
0.006330;
0.007100;
0.007190;
0.006700;
0.006400;
0.005930;
0.006400;
0.006280;
0.005460;
0.006300;
0.006030;
0.006020;
0.005820;
0.006080;
0.005910;
0.006060;
0.006110;
0.005430;
0.006270;
0.006590;
0.005830;
0.005970;
0.006130;
0.006050;
0.005690;
0.005910;
0.006100;
0.005860;
0.006170;
0.005760;
0.006530;
0.005510;
0.005600;
0.005900;
0.005850;
0.005230;
0.005710;
0.005220;
0.005560;
0.005680;
0.005740;
0.005690;
0.005170;
0.005340;
0.005620;
0.005570;
0.005340;
0.005370;
0.005230;
0.005430;
0.005340;
0.005200;
0.005490;
0.005460;
0.004830;
0.005390;
0.005120;
0.005400;
0.005650;
0.005150;
0.005060;
0.005540;
0.005090;
0.004850;
0.004750;
0.005080;
0.005170;
0.004460;
0.005370;
0.004770;
0.004850;
0.005420;
0.004950;
0.005340;
0.005020;
0.004880;
0.004920;
0.005220;
0.005060;
0.004290;
0.005220;
0.004850;
0.004940;
0.004810;
0.004780;
0.004710;
0.004850;
0.005290;
0.004630;
0.004920;
0.004810;
0.004550;
0.004400;
0.004800;
0.003780;
0.004750;
0.004660;
0.004850;
0.004800;
0.005150;
0.004750;
0.004370;
0.004680;
0.004650;
0.005110;
0.004950;
0.004060;
0.004680;
0.004480;
0.004880;
0.005200;
0.004490;
0.004430;
0.004540;
0.004690;
0.004720;
0.004410;
0.005220;
0.004290;
0.004520;
0.004240;
0.004380;
0.004120;
0.003950;
0.004150;
0.004320;
0.004860;
0.004810;
0.004370;
0.003870;
0.004200;
0.004030;
0.004430;
0.004140;
0.003870;
0.004310;
0.003700;
0.003770;
0.004480;
0.004060;
0.004060;
0.004070;
0.004410;
0.003840;
0.003720;
0.003940;
0.003980;
0.004150;
0.004060;
0.003810;
0.004090;
0.004040;
0.004030;
0.003800;
0.004040;
0.003700;
0.003800;
0.003300;
0.004060;
0.004060;
0.003940;
0.004310;
0.003600;
0.003950;
0.003610;
0.003430;
0.003940;
0.003720;
0.003580;
0.003800;
0.003270;
0.004140;
0.003380;
0.003460;
0.003520;
0.003440;
0.003260;
0.003730;
0.003670;
0.003560;
0.003230;
0.003640;
0.003980;
0.003800;
0.003270;
0.003870;
0.004030;
0.003600;
0.003500;
0.003920;
0.003630;
0.003550;
0.003780;
0.003640;
0.003440;
0.003380;
0.003180;
0.003460;
0.003830;
0.003630;
0.003920;
0.003240;
0.003300;
0.003940;
0.003410;
0.003720;
0.003380;
0.003720;
0.003460;
0.003640;
0.003350;
0.003860;
0.003580;
0.003600;
0.003090;
0.002950;
0.003410;
0.003100;
0.003260;
0.003460;
0.003490;
0.003290;
0.003100;
0.003240;
0.003240;
0.003130;
0.003460;
0.003350;
0.003150;
0.003290;
0.003100;
0.003010;
0.003440;
0.003270;
0.002700;
0.002890;
0.002900;
0.002990;
0.002890;
0.003410;
0.002950;
0.002730;
0.002990;
0.003130;
0.003180;
0.002950;
0.002730;
0.002650;
0.002650;
0.002580;
0.002350;
0.002520;
0.002840;
0.002780;
0.002360;
0.002480;
0.002310;
0.002470;
0.002070;
0.001940;
0.002250;
0.002150;
0.002130;
0.002220;
0.001840;
0.002210;
0.002070;
0.002310;
0.001980;
0.002150;
0.002300;
0.002220;
0.002010;
0.002180;
0.001810;
0.001840;
0.001990;
0.001790;
0.001910;
0.002080;
0.001900;
0.001680;
0.001900;
0.001360;
0.001530;
0.001760;
0.001570;
0.001980;
0.001620;
0.001760;
0.001600;
0.001480;
0.001620;
0.001810;
0.001670;
0.001420;
0.001390;
0.001220;
0.001640;
0.001650;
0.001360;
0.001370;
0.001600;
0.001620;
0.001600;
0.001740;
0.001440;
0.001370;
0.001390;
0.001510;
0.001270;
0.001450;
0.001450;
0.001250;
0.001470;
0.001440;
0.001440;
0.001640;
0.001390;
0.001730;
0.001370;
0.001560;
0.001670;
0.001500;
0.001700;
0.001450;
0.002040;
0.001480;
0.001790;
0.001590;
0.001940;
0.001960;
0.001910;
0.001810;
0.002110;
0.002130;
0.002050;
0.002420;
0.002450;
0.002530;
0.002990;
0.003020;
0.002580;
0.002980;
0.002690;
0.003060;
0.003640;
0.003700;
0.004270;
0.004070;
0.004200;
0.004310;
0.005050;
0.004940;
0.004830;
0.005560;
0.005230;
0.005880;
0.005560;
0.005850;
0.005800;
0.006110;
0.005560;
0.005910;
0.005910;
0.005800;
0.006530;
0.006470;
0.006200;
0.005830;
0.006360;
0.005930;
0.005280;
0.006100;
0.005480;
0.005190;
0.004890;
0.004610;
0.004210;
0.004140;
0.004120;
0.004260;
0.003870;
0.003720;
0.003360;
0.003120;
0.003330;
0.002450;
0.002720;
0.002310;
0.002130;
0.002130;
0.001740;
0.001810;
0.001790;
0.001740;
0.001360;
0.001450;
0.001370;
0.001590;
0.001050;
0.001450;
0.001110;
0.001230;
0.001370;
0.000990;
0.000970;
0.001110;
0.000820;
0.000710;
0.000740;
0.001020;
0.000680;
0.000990;
0.000880;
0.000800;
0.000970;
0.000740;
0.000820;
0.000900;
0.000710;
0.000860;
0.000650;
0.000790;
0.000620;
0.000770;
0.000860;
0.000790;
0.000770;
0.000690;
0.000900;
0.000790;
0.000790;
0.000830;
0.000830;
0.000830;
0.000800;
0.000680;
0.000710;
0.000850;
0.000660;
0.000680;
0.000560;
0.000540;
0.000650;
0.000730;
0.000620;
0.000600;
0.000760;
0.000520;
0.000740;
0.000650;
0.000560;
0.000820;
0.000510;
0.000510;
0.000710;
0.000510;
0.000710;
0.000660;
0.000590;
0.000520;
0.000650;
0.000620;
0.000600;
0.000510;
0.000620;
0.000510;
0.000690;
0.000430;
0.000790;
0.000630;
0.000560;
0.000740;
0.000630;
0.000710;
0.000570;
0.000540;
0.000480;
0.000560;
0.000520;
0.000560;
0.000630;
0.000510;
0.000630;
0.000620;
0.000520;
0.000740;
0.000420;
0.000570;
0.000680;
0.000520;
0.000430;
0.000630;
0.000450;
0.000480;
0.000590;
0.000420;
0.000690;
0.000510;
0.000630;
0.000660;
0.000620;
0.000600;
0.000650;
0.000740;
0.000820;
0.000560;
0.000620;
0.000730;
0.000630;
0.000570;
0.000650;
0.000540;
0.000420;
0.000510;
0.000660;
0.000570;
0.000570;
0.000590;
0.000650;
0.000620;
0.000560;
0.000480;
0.000490;
0.000480;
0.000570;
0.000730;
0.000460;
0.000630;
0.000590;
0.000510;
0.000400;
0.000520;
0.000370;
0.000450;
0.000540;
0.000740;
0.000420;
0.000400;
0.000510;
0.000450;
0.000570;
0.000430;
0.000390;
0.000490;
0.000540;
0.000450;
0.000520;
0.000490;
0.000280;
0.000430;
0.000480;
0.000290;
0.000460;
0.000370;
0.000400;
0.000390;
0.000400;
0.000460;
0.000560;
0.000420;
0.000350;
0.000510;
0.000430;
0.000390;
0.000420;
0.000390;
0.000350;
0.000430;
0.000460;
0.000430;
0.000390;
0.000510;
0.000390;
0.000220;
0.000450;
0.000450;
0.000370;
0.000350;
0.000420;
0.000310;
0.000570;
0.000320;
0.000370;
0.000370;
0.000450;
0.000370;
0.000260;
0.000350;
0.000420;
0.000340;
0.000280;
0.000230;
0.000320;
0.000280;
0.000320;
0.000320;
0.000290;
0.000260;
0.000390;
0.000520;
0.000280;
0.000390;
0.000220;
0.000370;
0.000250;
0.000260;
0.000280;
0.000220;
0.000230;
0.000490;
0.000260;
0.000290;
0.000350;
0.000230;
0.000310;
0.000290;
0.000290;
0.000350;
0.000390;
0.000260;
0.000200;
0.000220;
0.000430;
0.000320;
0.000340;
0.000340;
0.000290;
0.000250;
0.000280;
0.000290;
0.000430;
0.000320;
0.000200;
0.000260;
0.000400;
0.000260;
0.000230;
0.000350;
0.000250;
0.000290;
0.000320;
0.000320;
0.000200;
0.000280;
0.000320;
0.000340;
0.000280;
0.000220;
END
