

                 Berthold Technologies
                        LB 2045
                  Gamma Spectrometer

                      Laboratory


Sample Name       : bckground           Meas. Time [s]    :  10801
Dead Time Loss [%]: 0.0024
Spillover Factor  :    0.0
High Voltage [V]  :  833.6              Program Version   :   2.21
Fill Volume [%]   :  100.0
Bkg MeasTime [s]  :   3600

                             3h        Unit      Cs-137        Unit
-------------------------------------------------------------------
Accuracy          :         0.0           %         0.0           %
Calibration Factor:       1.000     cps/cps       88.00   Bq/Kg/cps
Background        :       6.989         cps      0.3047         cps
Region of Interest:    0 - 2048         keV  620 -  700         keV

05. Oct 2012 / 13:14:38

Nuclide   Raw Data [cps]    Result   Uncertainty         MDA      Unit
----------------------------------------------------------------------
3h             6.575           0.0       0.05050      0.1681       cps
Cs-137        0.2824           0.0        0.9257       3.084     Bq/Kg


Energy Range [keV]  :   2048
Meas. Time [s]      :  10801
05. Oct 2012/13:14:38

Spectrum Values [cps]:
    0.0;
    0.0;
    0.0;
    0.0;
0.00009;
    0.0;
    0.0;
    0.0;
    0.0;
    0.0;
    0.0;
    0.0;
    0.0;
    0.0;
    0.0;
    0.0;
    0.0;
    0.0;
    0.0;
    0.0;
    0.0;
0.00009;
0.00287;
0.00731;
0.01065;
0.01379;
0.01602;
0.01870;
0.01815;
0.01824;
0.01694;
0.01870;
0.02203;
0.02018;
0.02389;
0.02278;
0.02472;
0.02250;
0.02222;
0.02611;
0.03046;
0.03389;
0.04083;
0.04453;
0.04259;
0.04046;
0.03574;
0.02861;
0.03027;
0.02953;
0.03213;
0.02815;
0.02509;
0.02611;
0.01926;
0.02324;
0.02148;
0.01824;
0.02157;
0.02092;
0.01907;
0.01907;
0.02018;
0.01898;
0.02065;
0.02166;
0.02018;
0.02055;
0.01972;
0.02102;
0.02166;
0.02213;
0.02315;
0.02185;
0.02213;
0.02139;
0.02139;
0.02046;
0.02241;
0.02129;
0.01991;
0.02111;
0.02305;
0.02278;
0.02185;
0.02102;
0.02241;
0.02092;
0.02231;
0.02259;
0.02241;
0.02379;
0.02111;
0.02009;
0.02074;
0.02426;
0.02185;
0.02120;
0.02250;
0.02324;
0.02157;
0.01926;
0.02305;
0.02435;
0.02111;
0.02176;
0.02166;
0.02074;
0.02305;
0.02120;
0.02259;
0.02166;
0.02018;
0.01981;
0.02157;
0.02222;
0.02092;
0.01879;
0.01842;
0.01898;
0.02185;
0.02055;
0.01759;
0.02055;
0.02102;
0.02083;
0.02000;
0.01861;
0.02129;
0.02111;
0.02166;
0.02102;
0.01704;
0.02120;
0.01916;
0.01916;
0.02046;
0.01972;
0.01926;
0.02000;
0.01852;
0.01879;
0.01694;
0.01713;
0.01787;
0.01824;
0.01574;
0.01750;
0.01639;
0.01861;
0.01926;
0.01796;
0.01750;
0.01546;
0.01694;
0.01611;
0.01657;
0.01592;
0.01694;
0.01546;
0.01528;
0.01694;
0.01667;
0.01500;
0.01731;
0.01528;
0.01417;
0.01454;
0.01435;
0.01472;
0.01379;
0.01463;
0.01398;
0.01250;
0.01417;
0.01454;
0.01435;
0.01204;
0.01315;
0.01417;
0.01278;
0.01407;
0.01463;
0.01379;
0.01185;
0.01296;
0.01435;
0.01555;
0.01444;
0.01389;
0.01500;
0.01315;
0.01481;
0.01370;
0.01361;
0.01222;
0.01139;
0.01342;
0.01352;
0.01333;
0.01194;
0.01324;
0.01463;
0.01287;
0.01176;
0.00963;
0.01120;
0.01074;
0.01028;
0.01074;
0.01157;
0.01259;
0.01157;
0.01278;
0.00972;
0.01111;
0.01046;
0.00917;
0.01139;
0.01074;
0.01009;
0.01231;
0.01111;
0.01055;
0.01055;
0.00926;
0.01000;
0.01055;
0.01000;
0.01167;
0.01176;
0.01055;
0.01120;
0.01148;
0.00981;
0.01259;
0.01074;
0.01028;
0.01092;
0.01074;
0.01065;
0.01000;
0.01092;
0.01092;
0.01065;
0.01074;
0.00796;
0.01083;
0.01000;
0.00852;
0.01037;
0.00880;
0.00935;
0.00981;
0.00917;
0.01185;
0.00944;
0.01018;
0.00880;
0.01111;
0.00981;
0.01139;
0.01028;
0.01083;
0.01139;
0.01055;
0.01083;
0.01083;
0.00907;
0.01018;
0.01102;
0.01139;
0.01241;
0.01157;
0.01092;
0.00972;
0.00796;
0.01148;
0.00852;
0.00917;
0.00852;
0.00954;
0.00880;
0.00852;
0.00981;
0.01028;
0.00861;
0.00778;
0.00898;
0.00972;
0.00741;
0.00880;
0.00657;
0.00778;
0.00852;
0.00704;
0.00870;
0.00889;
0.00824;
0.00805;
0.00750;
0.00741;
0.00787;
0.00722;
0.00667;
0.00843;
0.00750;
0.00778;
0.00944;
0.00704;
0.00926;
0.00852;
0.00861;
0.00722;
0.00870;
0.00843;
0.00778;
0.00750;
0.00778;
0.00657;
0.00731;
0.00713;
0.00685;
0.00787;
0.00731;
0.00722;
0.00694;
0.00685;
0.00574;
0.00630;
0.00639;
0.00759;
0.00833;
0.00685;
0.00787;
0.00704;
0.00741;
0.00759;
0.00639;
0.00713;
0.00639;
0.00574;
0.00574;
0.00796;
0.00611;
0.00593;
0.00750;
0.00648;
0.00583;
0.00639;
0.00750;
0.00870;
0.00713;
0.00611;
0.00537;
0.00565;
0.00639;
0.00694;
0.00620;
0.00574;
0.00611;
0.00778;
0.00676;
0.00546;
0.00565;
0.00676;
0.00620;
0.00565;
0.00704;
0.00593;
0.00546;
0.00722;
0.00565;
0.00509;
0.00704;
0.00639;
0.00611;
0.00472;
0.00556;
0.00602;
0.00556;
0.00565;
0.00444;
0.00759;
0.00639;
0.00518;
0.00685;
0.00667;
0.00481;
0.00639;
0.00537;
0.00676;
0.00611;
0.00574;
0.00500;
0.00444;
0.00481;
0.00546;
0.00583;
0.00546;
0.00620;
0.00444;
0.00435;
0.00593;
0.00565;
0.00556;
0.00463;
0.00537;
0.00546;
0.00583;
0.00611;
0.00417;
0.00556;
0.00611;
0.00407;
0.00500;
0.00639;
0.00593;
0.00491;
0.00426;
0.00518;
0.00481;
0.00454;
0.00407;
0.00435;
0.00472;
0.00426;
0.00509;
0.00602;
0.00407;
0.00611;
0.00417;
0.00509;
0.00491;
0.00528;
0.00583;
0.00398;
0.00528;
0.00389;
0.00491;
0.00481;
0.00463;
0.00444;
0.00565;
0.00528;
0.00398;
0.00361;
0.00435;
0.00481;
0.00546;
0.00500;
0.00463;
0.00518;
0.00352;
0.00417;
0.00574;
0.00407;
0.00426;
0.00444;
0.00463;
0.00472;
0.00481;
0.00472;
0.00333;
0.00574;
0.00389;
0.00426;
0.00426;
0.00426;
0.00426;
0.00407;
0.00472;
0.00481;
0.00454;
0.00454;
0.00361;
0.00324;
0.00380;
0.00426;
0.00491;
0.00463;
0.00361;
0.00426;
0.00509;
0.00565;
0.00417;
0.00407;
0.00435;
0.00380;
0.00444;
0.00370;
0.00268;
0.00343;
0.00481;
0.00361;
0.00352;
0.00370;
0.00380;
0.00435;
0.00352;
0.00518;
0.00407;
0.00361;
0.00444;
0.00370;
0.00333;
0.00398;
0.00361;
0.00370;
0.00278;
0.00333;
0.00444;
0.00398;
0.00361;
0.00417;
0.00315;
0.00222;
0.00361;
0.00389;
0.00268;
0.00370;
0.00333;
0.00389;
0.00287;
0.00352;
0.00370;
0.00296;
0.00352;
0.00361;
0.00296;
0.00306;
0.00435;
0.00407;
0.00370;
0.00491;
0.00333;
0.00398;
0.00343;
0.00268;
0.00194;
0.00287;
0.00352;
0.00343;
0.00315;
0.00287;
0.00370;
0.00380;
0.00148;
0.00259;
0.00352;
0.00444;
0.00324;
0.00287;
0.00380;
0.00370;
0.00352;
0.00268;
0.00417;
0.00315;
0.00407;
0.00306;
0.00306;
0.00324;
0.00315;
0.00352;
0.00204;
0.00333;
0.00380;
0.00213;
0.00324;
0.00324;
0.00417;
0.00361;
0.00324;
0.00296;
0.00343;
0.00306;
0.00389;
0.00370;
0.00343;
0.00398;
0.00389;
0.00343;
0.00259;
0.00333;
0.00370;
0.00315;
0.00278;
0.00278;
0.00306;
0.00398;
0.00250;
0.00370;
0.00259;
0.00222;
0.00370;
0.00315;
0.00352;
0.00287;
0.00213;
0.00306;
0.00370;
0.00268;
0.00343;
0.00268;
0.00287;
0.00287;
0.00343;
0.00148;
0.00259;
0.00213;
0.00250;
0.00324;
0.00287;
0.00296;
0.00222;
0.00241;
0.00278;
0.00213;
0.00343;
0.00222;
0.00204;
0.00213;
0.00278;
0.00287;
0.00306;
0.00231;
0.00268;
0.00185;
0.00296;
0.00250;
0.00241;
0.00222;
0.00259;
0.00287;
0.00231;
0.00204;
0.00231;
0.00194;
0.00204;
0.00148;
0.00148;
0.00185;
0.00250;
0.00204;
0.00231;
0.00176;
0.00139;
0.00194;
0.00231;
0.00194;
0.00157;
0.00222;
0.00157;
0.00148;
0.00139;
0.00120;
0.00176;
0.00157;
0.00241;
0.00074;
0.00074;
0.00130;
0.00185;
0.00093;
0.00130;
0.00157;
0.00074;
0.00148;
0.00167;
0.00157;
0.00130;
0.00130;
0.00176;
0.00120;
0.00139;
0.00102;
0.00148;
0.00093;
0.00139;
0.00093;
0.00111;
0.00167;
0.00185;
0.00176;
0.00157;
0.00139;
0.00120;
0.00204;
0.00157;
0.00130;
0.00148;
0.00194;
0.00120;
0.00120;
0.00148;
0.00120;
0.00111;
0.00139;
0.00185;
0.00241;
0.00167;
0.00102;
0.00176;
0.00194;
0.00111;
0.00130;
0.00148;
0.00241;
0.00148;
0.00185;
0.00231;
0.00259;
0.00167;
0.00194;
0.00194;
0.00315;
0.00296;
0.00306;
0.00398;
0.00306;
0.00306;
0.00259;
0.00315;
0.00278;
0.00361;
0.00537;
0.00435;
0.00407;
0.00528;
0.00444;
0.00500;
0.00556;
0.00481;
0.00380;
0.00657;
0.00537;
0.00435;
0.00574;
0.00583;
0.00472;
0.00648;
0.00648;
0.00556;
0.00518;
0.00639;
0.00380;
0.00500;
0.00435;
0.00593;
0.00426;
0.00500;
0.00556;
0.00444;
0.00370;
0.00472;
0.00398;
0.00380;
0.00259;
0.00278;
0.00324;
0.00250;
0.00222;
0.00148;
0.00176;
0.00148;
0.00157;
0.00213;
0.00259;
0.00259;
0.00157;
0.00176;
0.00148;
0.00074;
0.00139;
0.00120;
0.00111;
0.00148;
0.00130;
0.00093;
0.00093;
0.00083;
0.00065;
0.00148;
0.00102;
0.00046;
0.00093;
0.00065;
0.00065;
0.00056;
0.00093;
0.00056;
0.00120;
0.00046;
0.00083;
0.00074;
0.00111;
0.00083;
0.00046;
0.00120;
0.00111;
0.00056;
0.00093;
0.00056;
0.00093;
0.00093;
0.00056;
0.00102;
0.00083;
0.00046;
0.00074;
0.00074;
0.00065;
0.00065;
0.00056;
0.00102;
0.00065;
0.00065;
0.00046;
0.00083;
0.00083;
0.00046;
0.00037;
0.00037;
0.00074;
0.00056;
0.00056;
0.00083;
0.00111;
0.00157;
0.00046;
0.00046;
0.00074;
0.00093;
0.00046;
0.00046;
0.00037;
0.00083;
0.00111;
0.00065;
0.00046;
0.00065;
0.00056;
0.00028;
0.00056;
0.00028;
0.00074;
0.00046;
0.00028;
0.00028;
0.00028;
0.00019;
0.00046;
0.00037;
0.00019;
0.00028;
0.00093;
0.00037;
0.00037;
0.00037;
0.00046;
0.00056;
0.00093;
0.00056;
0.00065;
0.00037;
0.00065;
0.00056;
0.00046;
0.00065;
0.00056;
0.00074;
0.00083;
0.00056;
0.00065;
0.00046;
0.00093;
0.00046;
0.00037;
0.00065;
0.00093;
0.00046;
0.00065;
0.00037;
0.00083;
0.00037;
0.00065;
0.00037;
0.00037;
0.00065;
0.00046;
0.00065;
0.00037;
0.00102;
0.00093;
0.00102;
0.00046;
0.00028;
0.00093;
0.00074;
0.00056;
0.00019;
0.00037;
0.00065;
0.00056;
0.00037;
0.00083;
0.00019;
0.00056;
0.00019;
0.00028;
0.00074;
0.00019;
0.00019;
0.00102;
    0.0;
0.00074;
0.00028;
0.00028;
0.00065;
0.00037;
0.00065;
0.00028;
0.00028;
0.00046;
0.00065;
0.00028;
0.00046;
0.00028;
0.00019;
0.00019;
0.00028;
0.00019;
0.00037;
0.00056;
0.00037;
0.00074;
0.00056;
0.00009;
0.00037;
0.00056;
0.00028;
0.00056;
0.00019;
0.00009;
0.00019;
0.00046;
0.00028;
0.00037;
0.00046;
0.00046;
0.00019;
0.00037;
0.00009;
0.00046;
0.00019;
0.00028;
0.00028;
0.00111;
0.00019;
0.00019;
0.00074;
0.00056;
0.00046;
0.00028;
0.00028;
0.00037;
0.00028;
0.00009;
0.00102;
0.00046;
0.00037;
0.00019;
0.00037;
0.00009;
0.00019;
0.00019;
0.00046;
0.00037;
0.00009;
0.00019;
0.00037;
    0.0;
0.00009;
    0.0;
0.00028;
0.00065;
0.00046;
0.00037;
    0.0;
0.00046;
0.00019;
0.00056;
0.00019;
0.00019;
0.00037;
0.00046;
0.00028;
0.00037;
0.00009;
0.00028;
0.00028;
0.00019;
0.00056;
0.00028;
0.00037;
0.00009;
0.00037;
0.00019;
0.00065;
0.00019;
0.00028;
0.00019;
    0.0;
0.00028;
0.00019;
0.00028;
0.00019;
0.00019;
0.00046;
0.00028;
0.00056;
0.00028;
0.00009;
END
