

                 Berthold Technologies
                        LB 2045
                  Gamma Spectrometer

                      Laboratory


Sample Name       : bckground           Meas. Time [s]    :     85
Dead Time Loss [%]: 0.0083
Spillover Factor  :    0.0
High Voltage [V]  :  833.6              Program Version   :   2.21
Fill Volume [%]   :  100.0
Bkg MeasTime [s]  :   3600

                             3h        Unit      Cs-137        Unit
-------------------------------------------------------------------
Accuracy          :         0.0           %         0.0           %
Calibration Factor:       1.000     cps/cps       88.00   Bq/Kg/cps
Background        :       6.989         cps      0.3047         cps
Region of Interest:    0 - 2048         keV  620 -  700         keV

05. Oct 2012 / 15:22:06

Nuclide   Raw Data [cps]    Result   Uncertainty         MDA      Unit
----------------------------------------------------------------------
3h             17.15         10.17        0.4499      0.9860       cps
Cs-137         2.209         167.5         14.15       17.56     Bq/Kg


Energy Range [keV]  :   2048
Meas. Time [s]      :     85
05. Oct 2012/15:22:06

Spectrum Values [cps]:
    0.0;
    0.0;
    0.0;
    0.0;
    0.0;
    0.0;
    0.0;
    0.0;
    0.0;
    0.0;
    0.0;
    0.0;
    0.0;
    0.0;
    0.0;
    0.0;
    0.0;
    0.0;
    0.0;
    0.0;
    0.0;
    0.0;
    0.0;
0.01169;
    0.0;
0.02337;
0.04674;
0.03506;
0.03506;
0.03506;
0.02337;
0.05843;
0.02337;
0.07011;
0.03506;
0.05843;
0.05843;
0.04674;
0.01169;
0.04674;
 0.1169;
0.08180;
 0.1169;
 0.1052;
 0.1169;
 0.1052;
 0.1052;
 0.1052;
0.07011;
0.09348;
 0.1285;
0.02337;
0.05843;
0.07011;
0.08180;
0.03506;
0.02337;
0.09348;
0.03506;
0.05843;
0.03506;
0.02337;
0.07011;
0.05843;
0.03506;
0.04674;
0.05843;
0.08180;
0.03506;
0.02337;
0.05843;
0.05843;
    0.0;
0.05843;
0.04674;
0.04674;
0.05843;
0.03506;
0.05843;
0.05843;
0.03506;
0.08180;
0.04674;
0.03506;
0.02337;
0.04674;
0.09348;
0.04674;
0.04674;
0.09348;
0.05843;
0.05843;
0.03506;
0.07011;
0.07011;
0.05843;
0.05843;
0.03506;
0.03506;
0.04674;
0.07011;
0.05843;
0.07011;
0.03506;
0.07011;
0.07011;
0.05843;
0.08180;
0.08180;
0.04674;
0.05843;
0.04674;
0.09348;
 0.1052;
 0.1052;
0.04674;
0.04674;
0.09348;
0.02337;
0.09348;
0.08180;
0.05843;
0.04674;
0.04674;
0.05843;
 0.1052;
0.03506;
0.03506;
0.05843;
0.07011;
0.03506;
0.05843;
0.08180;
0.03506;
0.07011;
0.03506;
0.08180;
0.03506;
0.04674;
0.01169;
0.07011;
0.07011;
0.03506;
0.01169;
0.01169;
0.05843;
0.04674;
0.05843;
0.04674;
0.03506;
0.05843;
0.01169;
0.03506;
0.01169;
0.07011;
0.02337;
0.03506;
0.04674;
0.05843;
0.04674;
0.05843;
0.02337;
0.07011;
0.05843;
0.04674;
0.02337;
0.02337;
0.04674;
0.07011;
0.08180;
0.02337;
    0.0;
0.02337;
0.02337;
0.05843;
0.03506;
0.05843;
0.02337;
0.01169;
0.03506;
0.04674;
0.05843;
0.01169;
0.05843;
0.02337;
 0.1052;
0.01169;
0.03506;
0.03506;
0.03506;
0.03506;
0.02337;
0.02337;
0.03506;
0.02337;
0.01169;
0.02337;
0.01169;
0.02337;
0.02337;
0.03506;
0.03506;
0.02337;
0.03506;
0.02337;
0.02337;
0.02337;
0.05843;
0.01169;
0.02337;
0.05843;
0.02337;
0.02337;
0.02337;
0.03506;
0.04674;
0.02337;
0.02337;
0.04674;
0.03506;
0.02337;
0.01169;
0.02337;
0.01169;
0.02337;
0.01169;
0.04674;
0.03506;
0.02337;
0.04674;
0.01169;
0.03506;
0.04674;
0.02337;
0.07011;
    0.0;
    0.0;
0.01169;
0.01169;
0.01169;
0.03506;
0.04674;
0.04674;
0.02337;
0.01169;
0.03506;
0.05843;
0.03506;
0.02337;
0.03506;
0.02337;
    0.0;
0.01169;
0.01169;
0.01169;
0.03506;
    0.0;
0.01169;
0.04674;
0.04674;
0.01169;
0.01169;
0.02337;
0.02337;
0.01169;
0.01169;
    0.0;
0.01169;
0.03506;
0.02337;
0.01169;
    0.0;
0.02337;
0.02337;
0.02337;
0.01169;
0.03506;
0.01169;
0.04674;
0.02337;
0.02337;
    0.0;
0.04674;
0.05843;
0.02337;
0.01169;
    0.0;
0.01169;
0.01169;
0.04674;
0.02337;
0.03506;
    0.0;
0.01169;
0.04674;
0.02337;
0.05843;
0.03506;
0.03506;
0.02337;
0.07011;
0.02337;
0.03506;
0.02337;
0.05843;
0.04674;
0.09348;
0.02337;
0.05843;
0.03506;
 0.1169;
0.04674;
0.01169;
0.03506;
0.07011;
0.04674;
0.07011;
0.04674;
0.04674;
0.07011;
0.03506;
0.05843;
0.03506;
0.03506;
0.03506;
0.07011;
0.01169;
0.05843;
0.04674;
0.07011;
0.04674;
0.02337;
0.04674;
0.08180;
0.02337;
0.05843;
0.07011;
0.09348;
0.05843;
0.05843;
0.08180;
 0.1052;
0.07011;
0.03506;
0.03506;
0.07011;
0.08180;
0.04674;
0.03506;
0.03506;
0.07011;
0.04674;
0.07011;
0.05843;
0.05843;
0.02337;
0.03506;
0.03506;
0.03506;
0.01169;
0.03506;
0.01169;
0.03506;
    0.0;
0.01169;
    0.0;
    0.0;
0.03506;
    0.0;
0.01169;
    0.0;
0.02337;
    0.0;
    0.0;
    0.0;
    0.0;
    0.0;
0.02337;
0.01169;
0.01169;
0.01169;
0.01169;
    0.0;
    0.0;
    0.0;
0.01169;
0.01169;
0.01169;
0.02337;
0.01169;
0.02337;
0.01169;
0.01169;
0.01169;
    0.0;
0.02337;
0.01169;
0.03506;
    0.0;
    0.0;
    0.0;
0.04674;
0.05843;
0.01169;
0.04674;
0.05843;
0.05843;
0.04674;
0.03506;
0.02337;
0.02337;
0.03506;
0.03506;
0.01169;
0.02337;
0.07011;
0.02337;
0.03506;
0.02337;
0.01169;
0.01169;
0.02337;
0.01169;
    0.0;
0.01169;
    0.0;
0.01169;
    0.0;
0.01169;
    0.0;
    0.0;
0.01169;
    0.0;
0.01169;
    0.0;
0.01169;
0.03506;
0.02337;
    0.0;
    0.0;
0.01169;
    0.0;
    0.0;
    0.0;
    0.0;
    0.0;
0.01169;
0.01169;
    0.0;
    0.0;
0.01169;
0.01169;
    0.0;
0.02337;
    0.0;
    0.0;
    0.0;
0.01169;
0.01169;
0.01169;
0.01169;
    0.0;
0.01169;
    0.0;
0.01169;
    0.0;
    0.0;
    0.0;
0.01169;
    0.0;
    0.0;
0.01169;
    0.0;
    0.0;
    0.0;
    0.0;
0.01169;
    0.0;
    0.0;
    0.0;
0.01169;
0.02337;
    0.0;
0.01169;
    0.0;
    0.0;
    0.0;
    0.0;
    0.0;
    0.0;
    0.0;
    0.0;
    0.0;
0.01169;
    0.0;
    0.0;
    0.0;
    0.0;
0.01169;
    0.0;
    0.0;
    0.0;
0.01169;
    0.0;
    0.0;
    0.0;
    0.0;
0.03506;
    0.0;
    0.0;
    0.0;
    0.0;
0.01169;
0.01169;
    0.0;
    0.0;
    0.0;
    0.0;
    0.0;
    0.0;
    0.0;
0.02337;
    0.0;
0.01169;
0.01169;
    0.0;
    0.0;
    0.0;
0.01169;
    0.0;
0.01169;
0.01169;
0.01169;
    0.0;
    0.0;
0.01169;
0.01169;
    0.0;
    0.0;
    0.0;
    0.0;
0.02337;
0.01169;
    0.0;
    0.0;
0.01169;
0.01169;
    0.0;
    0.0;
    0.0;
    0.0;
0.01169;
0.01169;
    0.0;
    0.0;
    0.0;
    0.0;
    0.0;
    0.0;
    0.0;
0.01169;
0.02337;
    0.0;
    0.0;
    0.0;
    0.0;
    0.0;
    0.0;
    0.0;
    0.0;
    0.0;
0.01169;
    0.0;
    0.0;
    0.0;
    0.0;
    0.0;
    0.0;
    0.0;
    0.0;
0.01169;
    0.0;
    0.0;
    0.0;
    0.0;
0.01169;
    0.0;
    0.0;
    0.0;
    0.0;
    0.0;
    0.0;
    0.0;
0.01169;
    0.0;
0.01169;
    0.0;
0.01169;
    0.0;
    0.0;
0.02337;
0.02337;
    0.0;
    0.0;
0.01169;
    0.0;
    0.0;
    0.0;
0.02337;
    0.0;
    0.0;
0.01169;
0.01169;
    0.0;
    0.0;
    0.0;
0.01169;
    0.0;
    0.0;
    0.0;
    0.0;
    0.0;
    0.0;
    0.0;
    0.0;
    0.0;
    0.0;
    0.0;
    0.0;
0.01169;
    0.0;
    0.0;
    0.0;
0.01169;
    0.0;
    0.0;
0.01169;
    0.0;
    0.0;
    0.0;
    0.0;
    0.0;
0.01169;
    0.0;
    0.0;
    0.0;
    0.0;
    0.0;
    0.0;
    0.0;
    0.0;
    0.0;
    0.0;
    0.0;
    0.0;
    0.0;
    0.0;
    0.0;
    0.0;
    0.0;
0.01169;
0.01169;
    0.0;
    0.0;
    0.0;
    0.0;
    0.0;
    0.0;
    0.0;
    0.0;
    0.0;
    0.0;
    0.0;
    0.0;
    0.0;
    0.0;
    0.0;
    0.0;
    0.0;
    0.0;
    0.0;
0.01169;
    0.0;
    0.0;
    0.0;
    0.0;
    0.0;
    0.0;
    0.0;
    0.0;
0.01169;
    0.0;
    0.0;
    0.0;
    0.0;
    0.0;
    0.0;
0.01169;
    0.0;
0.01169;
    0.0;
    0.0;
    0.0;
    0.0;
    0.0;
    0.0;
    0.0;
    0.0;
    0.0;
    0.0;
0.01169;
    0.0;
    0.0;
0.01169;
    0.0;
    0.0;
    0.0;
    0.0;
0.01169;
    0.0;
    0.0;
    0.0;
    0.0;
    0.0;
    0.0;
    0.0;
0.01169;
    0.0;
    0.0;
0.01169;
0.01169;
0.02337;
    0.0;
0.03506;
    0.0;
    0.0;
0.02337;
0.01169;
    0.0;
    0.0;
0.01169;
    0.0;
    0.0;
    0.0;
    0.0;
    0.0;
    0.0;
    0.0;
0.02337;
0.02337;
    0.0;
    0.0;
0.01169;
0.01169;
    0.0;
    0.0;
    0.0;
0.01169;
0.01169;
    0.0;
    0.0;
    0.0;
    0.0;
    0.0;
    0.0;
    0.0;
    0.0;
    0.0;
    0.0;
    0.0;
    0.0;
0.01169;
0.01169;
    0.0;
    0.0;
    0.0;
    0.0;
    0.0;
    0.0;
    0.0;
    0.0;
0.01169;
    0.0;
    0.0;
    0.0;
    0.0;
    0.0;
    0.0;
    0.0;
    0.0;
    0.0;
    0.0;
    0.0;
    0.0;
    0.0;
    0.0;
    0.0;
    0.0;
    0.0;
    0.0;
    0.0;
0.01169;
    0.0;
    0.0;
    0.0;
    0.0;
    0.0;
    0.0;
    0.0;
    0.0;
    0.0;
    0.0;
    0.0;
    0.0;
    0.0;
    0.0;
    0.0;
    0.0;
    0.0;
    0.0;
    0.0;
    0.0;
    0.0;
    0.0;
    0.0;
    0.0;
    0.0;
    0.0;
    0.0;
    0.0;
    0.0;
    0.0;
    0.0;
    0.0;
    0.0;
    0.0;
    0.0;
    0.0;
    0.0;
    0.0;
    0.0;
    0.0;
    0.0;
    0.0;
    0.0;
    0.0;
    0.0;
    0.0;
    0.0;
    0.0;
    0.0;
    0.0;
    0.0;
    0.0;
    0.0;
    0.0;
    0.0;
    0.0;
    0.0;
0.01169;
    0.0;
0.01169;
    0.0;
    0.0;
    0.0;
    0.0;
    0.0;
    0.0;
    0.0;
    0.0;
    0.0;
    0.0;
    0.0;
    0.0;
    0.0;
    0.0;
    0.0;
    0.0;
    0.0;
    0.0;
    0.0;
    0.0;
    0.0;
    0.0;
    0.0;
    0.0;
    0.0;
    0.0;
    0.0;
    0.0;
    0.0;
    0.0;
    0.0;
    0.0;
    0.0;
    0.0;
    0.0;
    0.0;
    0.0;
    0.0;
    0.0;
    0.0;
    0.0;
    0.0;
    0.0;
    0.0;
    0.0;
    0.0;
    0.0;
    0.0;
    0.0;
    0.0;
    0.0;
    0.0;
    0.0;
    0.0;
    0.0;
    0.0;
    0.0;
    0.0;
    0.0;
    0.0;
    0.0;
    0.0;
    0.0;
    0.0;
    0.0;
    0.0;
    0.0;
    0.0;
    0.0;
    0.0;
    0.0;
    0.0;
    0.0;
    0.0;
    0.0;
    0.0;
    0.0;
0.01169;
    0.0;
    0.0;
    0.0;
    0.0;
    0.0;
    0.0;
    0.0;
    0.0;
    0.0;
    0.0;
    0.0;
    0.0;
    0.0;
    0.0;
    0.0;
    0.0;
    0.0;
    0.0;
    0.0;
    0.0;
    0.0;
    0.0;
    0.0;
    0.0;
    0.0;
    0.0;
    0.0;
    0.0;
    0.0;
    0.0;
    0.0;
    0.0;
    0.0;
    0.0;
    0.0;
    0.0;
    0.0;
    0.0;
    0.0;
    0.0;
    0.0;
    0.0;
    0.0;
    0.0;
    0.0;
    0.0;
    0.0;
    0.0;
    0.0;
    0.0;
    0.0;
    0.0;
    0.0;
    0.0;
    0.0;
    0.0;
    0.0;
    0.0;
    0.0;
    0.0;
    0.0;
    0.0;
    0.0;
    0.0;
    0.0;
    0.0;
    0.0;
    0.0;
    0.0;
    0.0;
    0.0;
    0.0;
    0.0;
    0.0;
    0.0;
0.01169;
    0.0;
    0.0;
    0.0;
    0.0;
    0.0;
    0.0;
    0.0;
    0.0;
END
