FileVersion=1.0.0.1
計測情報数=1
BGボード温度1=22
BGデッドタイム1=0
BG高圧1=762
BG積算時間1=2012/07/24 6:21:39
BG積算時間(秒)1=43200
BG波高データ1=0;0;0;0;0;0;0;0;0;0;864;2349;2023;2040;1978;1967;1991;2053;2129;2035;2022;1938;2151;2222;2239;2299;2242;2341;2406;2461;2612;2781;2969;3052;3055;2989;2906;2871;2889;2896;2740;2710;2631;2508;2389;2428;2243;2425;2336;2464;2400;2383;2309;2392;2417;2362;2462;2504;2404;2449;2515;2421;2525;2513;2506;2436;2449;2578;2602;2537;2571;2537;2487;2540;2452;2489;2465;2466;2456;2448;2417;2394;2416;2342;2398;2400;2431;2387;2314;2349;2327;2369;2233;2391;2374;2252;2307;2263;2261;2335;2343;2243;2266;2202;2222;2183;2201;2262;2327;2324;2295;2366;2405;2376;2458;2399;2491;2587;2404;2496;2396;2415;2372;2277;2196;2072;2035;2129;1926;1987;1843;1815;1795;1861;1847;1798;1799;1765;1715;1704;1713;1708;1662;1623;1645;1692;1654;1645;1638;1570;1633;1577;1546;1549;1478;1487;1486;1497;1441;1420;1446;1461;1412;1389;1402;1377;1430;1300;1345;1375;1334;1338;1291;1410;1298;1269;1249;1382;1343;1245;1304;1248;1207;1234;1195;1287;1229;1196;1154;1185;1097;1070;1110;1090;1074;1056;1031;1012;1027;985;952;985;959;940;958;995;967;962;960;952;871;919;931;860;930;910;927;884;883;924;817;870;886;907;832;854;889;786;816;812;802;772;860;808;772;817;770;817;826;777;754;743;760;770;794;748;750;811;796;822;741;805;743;782;806;839;833;814;833;820;822;783;810;796;745;747;720;672;730;718;688;677;659;646;605;604;589;634;576;620;651;523;585;568;567;584;570;597;609;577;558;561;540;582;559;542;606;564;600;605;554;573;548;569;545;552;590;510;532;557;563;622;537;552;569;547;540;510;514;477;515;471;487;521;498;509;475;480;489;503;432;487;455;459;444;445;422;438;432;450;433;409;441;423;425;452;454;422;467;441;443;428;439;398;426;421;386;370;391;451;410;426;420;415;401;361;402;408;383;402;419;382;396;394;403;390;402;397;379;372;369;401;339;364;398;365;345;358;357;380;374;396;390;400;355;417;368;372;379;379;357;385;405;395;386;378;357;352;369;358;354;364;361;347;352;353;354;370;354;363;346;328;371;350;366;373;341;313;349;322;360;327;341;341;324;353;343;313;366;348;335;351;359;346;384;340;342;340;343;340;342;315;308;328;354;367;374;337;313;318;351;335;330;388;371;388;407;327;375;355;362;359;337;353;377;364;345;346;325;336;336;341;368;362;376;352;397;330;318;342;345;376;369;328;364;353;398;345;334;352;332;356;331;362;360;342;335;329;334;305;325;357;340;354;344;335;338;333;286;319;318;323;307;302;332;318;347;309;340;303;302;332;302;319;330;317;334;309;319;316;298;320;355;311;294;350;307;350;306;314;365;299;340;328;298;348;324;328;359;297;333;304;339;319;344;339;359;353;323;327;321;356;363;318;316;342;335;382;311;328;337;325;338;331;319;352;341;321;339;347;318;310;316;338;313;317;307;300;278;321;290;293;312;296;276;298;309;298;301;277;284;255;306;280;269;303;267;263;276;271;276;258;251;242;252;242;224;241;233;253;211;231;223;213;200;225;213;174;201;178;207;203;192;180;174;182;194;170;164;178;155;166;142;168;165;166;148;142;163;155;159;170;122;151;126;149;141;155;143;133;155;136;121;127;115;149;117;123;117;134;140;123;122;114;146;130;139;128;148;139;133;132;156;127;170;196;181;167;220;213;206;217;249;253;284;284;281;319;351;395;416;418;506;470;487;564;595;645;624;691;702;815;852;878;883;941;978;1027;981;1025;1093;1061;1083;1077;1059;1111;1104;1061;1069;1031;998;1061;1010;1031;985;942;910;901;830;837;780;776;793;700;657;586;627;565;540;511;513;496;469;435;363;372;349;319;296;303;310;252;259;241;235;195;199;191;185;165;165;181;129;159;126;110;127;122;114;105;126;83;108;88;65;64;78;57;70;63;60;68;48;71;57;49;62;68;61;62;56;50;50;57;51;37;49;37;56;45;44;53;42;46;54;44;47;50;46;63;45;42;43;52;34;40;45;40;47;55;43;41;40;40;50;49;46;35;42;41;44;47;41;42;40;46;50;53;51;59;45;53;44;33;37;58;43;43;57;42;41;51;53;46;39;57;47;58;57;52;45;47;41;45;31;36;44;50;56;36;59;39;40;48;50;36;30;36;37;41;38;39;43;36;35;36;40;37;35;37;45;33;39;31;26;35;46;26;39;45;36;39;32;29;39;35;30;33;30;32;29;38;37;34;30;38;35;40;28;40;30;37;36;22;32;33;31;31;28;41;36;39;43;30;23;33;34;30;28;29;33;29;27;28;35;32;24;21;31;19;38;25;28;37;32;29;24;33;34;30;28;23;24;26;35;24;28;22;24;36;35;32;20;30;37;29;33;29;39;26;24;24;27;32;26;28;35;30;22;26;29;30;31;19;0;0;0;0;0;0;0;0;0;0
BG集計温度1=23;22;22;22;23;22;22;22;22;22;22
BG機器測定温度1=23;22;22;22;23;22;22;22;22;22;22
BGトータルレート1=15.1324074074074
BG計測ファインゲイン1=1.000
BGチャンネル位置1=176
BGチャンネル位置2=307
BGチャンネル位置3=333
BGチャンネル位置4=563
BGチャンネル位置5=731
BGチャンネル位置6=874
BGエネルギー中心位置1=364
BGエネルギー中心位置2=662
BGエネルギー中心位置3=796
BGエネルギー中心位置4=1461
BGエネルギー位置左幅1=10
BGエネルギー位置左幅2=4.5
BGエネルギー位置左幅3=6
BGエネルギー位置左幅4=5
BGエネルギー位置右幅1=10
BGエネルギー位置右幅2=8
BGエネルギー位置右幅3=6
BGエネルギー位置右幅4=5
BGスロースレッショルド=2
BGファーストスレッショルド=10
BGファインゲイン=1
BG高圧設定=762
BGセットアップ高圧=0
BGMCAバッファオフセット=-1
BG備考=boad22-762v-1.000-room16.9 2012/7/23
BG容器タイプ=900mLマリネリ容器（500mL充填）
BG計測回数=1
BG計測開始時間=2012/07/23 18:21:38
BG計測時間=43200
BG計測対象=水
チャンネル位置1=176
チャンネル位置2=307
チャンネル位置3=333
チャンネル位置4=563
チャンネル位置5=731
チャンネル位置6=874
エネルギー中心位置1=364
エネルギー中心位置2=662
エネルギー中心位置3=796
エネルギー中心位置4=1461
エネルギー位置左幅1=10
エネルギー位置左幅2=4.5
エネルギー位置左幅3=6
エネルギー位置左幅4=5
エネルギー位置右幅1=10
エネルギー位置右幅2=8
エネルギー位置右幅3=6
エネルギー位置右幅4=5
質量補正の有無=True
減衰補正の有無=False
分析容器タイプ=900mLマリネリ容器（500mL充填）
バックグラウンドの選択=2012/07/23 18:21:38
計測波形の移動平均幅=11
減衰基準日時=2012/06/15 16:55:57
グラフコントロールのピーク時の色=0
不確かさ(σ)設定=3
最小検出限度(σ)設定=3
定量下限(σ)設定=1
検出限界(σ)設定=3
Cs137濃度、Cs134濃度からの減算有無=True
Cs137濃度、Cs134濃度からの減算率=0.05
Cs137濃度、K40濃度からの減算有無=True
Cs137濃度、K40濃度からの減算率=0.008
Cs134濃度、K40濃度からの減算有無=True
Cs134濃度、K40濃度からの減算率=0.008
K40の減算有無=False
K40濃度、Cs134濃度からの減算率=0.001
K40濃度、Cs137濃度からの減算率=0.001
質量=573.5
体積=500
測定下限値計算式=False
I-131換算係数=45
I-131上限値=1000000
I-131下限値=20
I-131要素名=I-131
I-131検出限界計算補正係数=1
Cs-137換算係数=68.1
Cs-137上限値=1000000
Cs-137下限値=20
Cs-137要素名=Cs-137
Cs-137検出限界計算補正係数=1
Cs-134換算係数=75.6
Cs-134上限値=1000000
Cs-134下限値=30
Cs-134要素名=Cs-134
Cs-134検出限界計算補正係数=1
K-40換算係数=1006.5
K-40上限値=1000000
K-40下限値=30
K-40要素名=K-40
K-40検出限界計算補正係数=1
グラフ色=4294934592
備考=糠床
容器タイプ=900mLマリネリ容器（500mL充填）
担当者=suzuryo
採取日時=2012/07/20 16:55:58
計測回数=1
計測開始時間=2012/07/24 17:02:23
計測時間(秒)=3600
採取地=
試料名称=20120724-005-Ao
試料番号=220
スロースレッショルド=2
ファーストスレッショルド=10
ファインゲイン=1
高圧設定=762
セットアップ高圧=0
MCAバッファオフセット=-1
ボード温度1=22
デッドタイム1=0
高圧1=762
積算時間1=2012/07/24 18:02:24
積算時間(秒)1=3600
波高データ1=0;0;0;0;0;0;0;0;0;0;100;240;230;237;238;211;209;245;215;217;221;242;229;238;235;242;237;268;262;270;288;283;313;337;351;347;316;335;364;311;315;292;307;309;271;287;282;280;251;245;294;300;264;307;269;287;293;308;301;313;285;289;316;301;285;304;296;311;295;275;343;342;297;300;292;306;315;294;298;286;272;309;323;308;280;305;306;291;321;327;324;328;319;325;368;371;279;319;296;321;258;319;294;288;283;318;340;300;330;312;300;323;296;294;317;326;309;331;273;311;285;268;277;303;288;276;279;260;268;237;231;217;219;231;204;231;228;196;220;219;217;214;231;232;204;210;180;202;195;179;203;177;175;209;196;195;169;198;193;197;157;185;165;172;153;163;162;177;178;155;168;160;161;172;143;175;164;145;152;175;174;178;171;170;150;153;126;141;131;137;139;144;120;122;137;148;134;138;140;138;133;127;134;134;126;123;114;128;125;129;137;108;105;112;125;118;116;125;135;134;110;118;134;104;112;99;104;104;110;93;110;94;122;100;108;92;109;84;84;90;102;97;99;98;89;93;105;112;122;94;86;65;103;104;90;75;99;99;95;102;98;99;89;104;104;88;88;94;84;84;95;91;81;106;85;104;77;94;105;92;88;99;97;104;100;97;125;125;108;117;106;149;135;147;144;147;158;136;142;155;157;159;151;175;168;162;174;150;171;144;151;126;141;148;162;134;147;130;134;142;143;142;130;133;156;143;182;164;154;184;194;165;176;180;175;180;159;167;155;152;134;134;127;138;109;93;97;77;80;54;54;52;65;58;66;61;48;44;43;42;39;59;37;49;44;46;43;42;62;36;41;46;47;43;46;49;46;46;50;58;38;61;59;64;66;71;72;54;70;87;90;84;91;77;97;101;102;92;79;107;94;110;98;104;72;97;93;87;71;91;82;60;69;73;62;61;56;42;55;36;48;46;55;42;38;46;38;42;42;46;43;32;30;35;31;39;37;30;38;28;32;34;33;40;30;36;32;29;37;30;29;39;30;43;45;33;42;39;31;48;25;33;31;49;31;48;35;35;27;35;41;30;39;46;45;48;25;24;35;31;37;33;32;28;45;27;35;56;32;36;33;29;31;43;37;31;33;31;41;29;35;32;46;30;38;38;28;40;30;25;36;30;43;38;38;32;29;25;41;27;36;33;36;26;18;35;28;29;40;34;24;35;28;33;36;46;42;28;40;23;42;25;33;27;32;32;33;33;33;36;42;34;39;33;38;28;50;31;31;39;33;32;41;37;32;35;27;30;33;33;35;31;42;28;29;34;38;40;31;32;29;29;28;29;29;29;32;33;41;32;26;26;39;34;24;32;29;27;34;34;36;35;41;44;24;32;24;35;27;31;29;16;26;23;26;19;25;23;21;20;29;17;26;14;22;18;32;17;24;20;20;16;23;14;21;19;21;15;12;18;12;17;18;18;17;11;19;13;20;9;20;13;19;14;11;18;9;16;11;21;15;18;7;17;12;13;12;11;9;14;16;11;15;12;12;17;12;25;10;13;16;20;15;15;15;10;16;9;27;27;26;24;15;23;20;29;23;28;23;35;35;30;40;46;41;44;50;47;57;64;61;74;88;75;77;81;88;74;97;86;94;91;107;117;115;105;89;113;120;101;111;103;131;113;113;103;110;85;90;81;101;70;74;93;72;83;53;68;56;56;72;71;41;44;49;36;41;41;37;42;38;32;23;32;17;21;20;27;19;27;28;15;14;27;20;15;11;9;12;7;7;7;14;9;7;10;3;4;11;5;10;7;7;3;6;1;6;4;4;5;9;5;4;0;6;2;4;5;3;5;3;5;1;8;6;1;3;3;2;6;4;5;7;2;5;3;3;6;4;5;6;5;4;4;0;3;2;6;4;11;0;1;2;5;3;3;6;5;1;6;3;3;7;6;1;2;5;0;7;3;4;2;3;4;5;3;5;4;2;4;3;1;3;5;6;4;6;3;5;5;5;0;4;4;5;4;6;6;6;5;3;0;5;7;1;3;2;2;1;4;5;6;2;3;2;6;3;6;2;2;5;4;1;6;4;7;3;4;7;2;4;5;3;3;2;3;1;8;4;3;2;4;2;5;3;1;0;0;4;4;1;1;6;3;4;3;1;2;7;2;3;3;3;5;2;5;3;3;5;7;3;3;2;3;3;4;5;1;0;3;4;2;1;3;3;1;3;5;5;1;3;4;3;4;2;4;3;0;3;3;2;6;2;3;0;4;1;1;1;4;2;1;3;3;3;1;2;2;4;2;2;3;2;0;0;0;0;0;0;0;0;0;0;0
集計温度1=22;23;22;23;23;23;23;22;23;22;22
機器測定温度1=22;23;22;23;23;23;23;22;23;22;22
トータルレート1=23.2811111111111
計測ファインゲイン1=1.000