北海道 1468 56.5 27.7 3689 141.7 72.7 733 25.3 9.2 1745 60.1 26.0 *
青森県 449 69.6 34.4 938 145.2 74.6 256 35.3 11.3 458 63.0 24.7 *
秋田県 491 96.5 41.3 1197 234.7 110.1 258 45.0 12.8 588 102.1 40.8 *
山形県 410 73.3 32.2 1246 222.2 111.2 228 37.8 10.8 571 93.9 35.3 *
福島県 633 64.5 30.8 1500 152.3 80.9 306 29.5 10.5 700 67.0 28.0 †
茨城県 882 60.4 32.1 1829 123.6 69.9 436 29.7 12.0 802 53.8 25.1 *
栃木県 562 57.1 31.0 1300 130.4 74.7 309 31.0 12.1 581 57.5 26.9 *
群馬県 553 56.9 28.9 1306 132.2 71.1 294 29.4 10.7 604 59.2 25.8 *
千葉県 1525 49.8 28.2 3122 100.8 59.2 740 24.1 10.6 1394 44.7 21.9 *
新潟県 818 71.5 32.5 2319 202.0 105.4 481 39.5 12.2 1092 89.1 36.2 *
富山県 333 63.8 29.2 1030 195.6 101.0 222 39.6 12.0 526 92.8 39.2 *
石川県 329 58.7 29.4 988 174.9 97.1 191 31.9 11.4 482 79.7 37.3 *
福井県 204 52.9 25.2 632 162.2 88.0 133 32.4 10.6 340 81.6 35.8 *
山梨県 244 58.5 27.5 552 130.6 68.5 141 32.5 11.3 275 62.4 26.2 *
長野県 564 54.6 23.2 1963 187.6 91.0 293 26.9 7.5 885 80.0 30.3 †
岐阜県 567 57.2 28.3 1270 126.2 67.2 306 29.1 11.2 614 57.1 26.5 *
愛知県 1780 49.1 29.3 4006 108.1 68.1 881 24.3 11.2 1694 45.7 23.5 *
滋賀県 346 50.5 28.7 912 130.9 79.1 199 28.3 11.5 423 59.2 29.6 *
兵庫県 1475 56.0 29.3 3805 142.3 78.3 836 29.1 11.6 1753 60.1 27.4 *
奈良県 393 59.6 30.1 957 144.3 75.8 229 31.3 12.3 485 65.8 30.4 †
和歌山県 328 69.9 32.3 911 193.3 95.6 187 35.4 13.5 466 87.8 37.0 *
島根県 227 66.5 27.2 665 193.9 90.8 137 36.9 10.5 358 95.6 34.4 *
岡山県 474 51.2 25.5 1400 150.0 79.5 266 26.6 9.2 672 66.4 29.5 *
広島県 719 52.7 26.7 2193 158.8 88.2 395 27.0 10.2 1005 67.9 30.0 *
山口県 436 64.2 28.6 1199 175.2 85.5 254 33.4 11.3 545 71.0 27.9 *
徳島県 221 59.5 25.7 449 120.5 57.4 113 27.6 9.0 227 55.0 23.2 *
香川県 295 61.9 28.3 845 176.1 87.1 151 29.5 9.5 392 76.0 31.3 *
高知県 218 61.0 27.2 563 156.8 73.6 122 30.2 10.1 233 57.5 21.2 *
長崎県 368 55.5 27.0 936 140.6 72.2 208 27.5 9.4 477 62.7 26.5 *
熊本県 332 39.0 17.8 1028 120.4 62.8 208 21.7 7.7 540 56.0 25.5 *
沖縄県 133 19.6 13.5 375 54.9 38.9 65 9.2 4.2 161 22.7 12.7 *
