北海道 1473 57.5 26.8 3706 144.4 71.2 783 27.3 9.0 1776 61.7 24.7 †
青森県 431 68.5 31.5 1069 169.5 85.0 229 32.2 11.0 455 63.8 25.3 *
岩手県 318 51.3 21.8 986 158.8 74.1 190 28.0 7.9 470 68.8 26.8 †
宮城県 549 48.4 25.7 1760 154.4 88.9 294 24.5 9.8 833 68.9 32.7 †
秋田県 439 88.7 35.5 1336 269.5 119.6 270 48.2 12.2 649 115.4 40.2 *
山形県 441 80.5 33.1 1232 224.5 106.2 245 41.4 10.1 604 101.1 36.6 *
福島県 588 60.9 28.7 1672 172.8 87.8 301 29.5 10.1 774 75.3 32.0 *
茨城県 883 60.7 29.9 1958 132.8 70.7 393 26.9 10.1 802 54.1 23.4 *
栃木県 560 57.2 29.1 1398 141.1 77.3 280 28.3 10.0 637 63.3 27.2 *
群馬県 536 55.6 25.4 1345 137.2 69.8 301 30.3 10.3 631 62.3 26.7 *
埼玉県 1818 50.8 28.3 4566 126.3 72.0 750 21.1 9.5 1821 50.4 24.9 †
千葉県 1509 49.0 25.9 3335 107.1 59.1 684 22.1 8.8 1437 45.7 21.4 †
東京都 2730 42.5 24.2 7802 118.4 72.5 1461 22.2 9.3 3542 52.4 26.2 †
神奈川県 2019 44.8 25.2 4441 97.2 58.2 957 21.3 9.0 1924 42.2 20.5 †
新潟県 824 73.0 32.5 2485 219.4 109.0 465 38.7 10.5 1101 90.9 35.3 *
富山県 366 70.9 31.1 1022 196.3 96.6 202 36.5 10.7 516 92.0 36.0 †
石川県 300 53.8 25.1 1038 184.6 98.2 206 34.6 11.3 557 92.5 39.0 †
福井県 209 54.9 25.0 672 174.5 89.3 139 34.3 10.0 337 81.8 35.4 *
山梨県 205 49.8 21.1 544 130.5 63.5 119 27.8 8.7 228 52.4 19.5 *
長野県 531 52.0 21.0 1711 165.6 75.6 303 28.2 7.7 809 74.0 28.0 *
岐阜県 585 59.6 27.4 1624 162.9 81.2 348 33.3 12.7 762 71.5 31.6 †
静岡県 908 50.1 23.8 2486 135.1 69.3 481 25.7 9.2 1106 58.2 25.6 †
愛知県 1711 47.0 26.9 4040 108.7 65.6 821 22.5 9.7 1709 45.8 22.9 *
三重県 493 55.9 26.1 1292 143.8 72.3 275 29.6 10.4 646 68.4 28.6 *
滋賀県 307 44.5 23.7 921 131.5 77.7 177 25.0 9.6 433 60.2 29.6 *
京都府 655 52.9 26.8 1896 150.7 80.9 376 28.0 10.8 932 68.2 31.0 †
大阪府 2363 56.3 29.9 6201 145.1 79.9 1150 25.6 10.5 2822 61.5 29.0 *
兵庫県 1398 53.2 26.2 3958 148.7 77.8 745 26.0 9.6 1827 62.8 27.3 †
奈良県 392 60.2 28.2 1079 164.6 81.2 217 29.8 11.0 500 68.3 28.8 *
和歌山県 296 64.2 28.6 892 192.7 91.2 175 33.7 11.1 409 78.3 31.9 *
鳥取県 198 72.0 31.8 508 184.0 91.3 99 32.8 10.3 269 88.5 35.8 *
島根県 230 68.5 27.2 649 192.4 83.6 146 40.1 11.6 351 95.4 33.0 *
岡山県 482 52.4 24.4 1439 155.0 81.1 290 29.1 10.0 709 70.4 30.2 *
広島県 719 53.0 25.6 2195 159.9 85.9 376 25.8 9.2 973 66.0 28.6 *
山口県 419 62.7 26.6 1077 159.8 75.3 220 29.4 9.7 500 66.1 25.2 *
徳島県 210 57.4 24.2 534 145.6 66.4 133 32.9 9.6 256 62.9 24.1 †
香川県 290 61.4 27.1 799 167.9 80.8 158 31.2 9.8 385 75.5 29.1 *
愛媛県 393 59.6 25.8 1097 165.3 80.4 230 30.9 10.7 541 72.2 28.5 *
高知県 204 58.3 24.2 562 159.8 72.2 119 30.1 8.2 302 76.0 30.5 *
福岡県 1158 48.9 25.4 3370 141.1 78.2 670 25.2 9.4 1655 61.7 27.6 †
佐賀県 213 54.0 24.4 641 162.0 82.8 132 29.8 10.5 292 65.6 27.2 *
長崎県 381 58.5 26.5 1007 154.0 76.5 220 29.6 9.9 457 61.1 24.8 *
熊本県 327 38.8 16.7 959 113.3 57.1 199 20.9 6.0 505 52.8 22.1 *
大分県 310 55.6 23.4 832 148.3 69.8 168 27.1 7.9 410 65.4 24.7 †
宮崎県 263 50.3 21.6 749 142.6 67.9 142 24.0 7.8 370 62.2 23.7 †
鹿児島県 348 44.4 19.2 832 105.9 52.1 212 23.7 8.0 399 44.4 17.9 †
沖縄県 153 22.4 14.5 379 55.1 38.3 79 11.1 5.2 166 23.2 12.1 †
