北海道 1407 53.0 29.7 2247 84.4 49.1 768 26.2 11.4 1116 37.9 17.9 †
青森県 425 63.3 35.6 700 104.0 61.2 240 31.9 12.5 324 43.0 19.3 †
岩手県 372 56.6 29.3 763 115.8 63.7 218 30.5 11.7 379 52.8 23.2 †
宮城県 575 50.4 30.8 1558 136.1 88.3 289 24.0 10.3 733 60.6 32.0 *
秋田県 453 84.8 41.1 1066 199.4 104.4 282 47.1 17.0 515 85.8 36.9 *
山形県 449 77.5 38.3 1095 188.6 102.5 270 43.2 14.2 598 95.3 40.1 *
茨城県 906 62.2 38.3 1624 110.1 69.4 427 29.0 12.5 727 48.7 24.6 †
栃木県 566 57.2 35.3 1171 116.9 75.4 319 31.9 13.6 561 55.3 27.9 *
群馬県 559 57.3 33.1 1035 104.2 62.6 298 29.5 12.7 505 49.2 23.6 †
千葉県 1439 48.0 31.9 2633 86.8 58.4 723 24.2 12.2 1152 37.9 21.1 *
神奈川県 1989 45.2 31.3 3813 85.5 60.3 979 22.8 11.8 1627 37.2 21.3 *
新潟県 804 69.0 36.7 2073 177.2 100.4 461 37.1 13.4 1055 84.5 37.5 *
富山県 351 66.4 35.1 718 134.6 74.9 236 41.4 15.4 375 65.3 27.9 †
石川県 361 64.3 37.1 648 114.7 70.6 193 32.0 12.7 325 53.7 25.8 †
福井県 215 55.0 29.1 588 148.7 90.1 148 35.4 12.1 319 75.4 36.0 *
岐阜県 585 58.5 33.1 1051 103.2 61.4 329 30.9 13.2 492 45.3 21.7 †
愛知県 1668 46.7 32.2 3344 91.5 64.8 924 26.1 13.5 1572 43.3 25.3 *
滋賀県 296 44.1 29.1 444 64.9 43.3 197 28.5 13.6 239 34.1 17.4 †
京都府 661 53.0 31.8 1058 83.4 51.3 387 28.8 11.5 595 43.3 20.6 †
鳥取県 182 63.2 34.4 495 171.3 98.4 93 29.5 9.9 281 89.0 39.5 *
岡山県 504 54.1 29.8 1073 114.5 67.3 296 29.4 11.4 576 56.6 26.3 *
広島県 703 51.2 29.2 1985 143.1 86.8 409 27.9 12.0 964 65.0 32.9 *
山口県 471 67.9 33.3 828 118.5 60.3 237 30.4 12.3 416 53.0 22.2 †
徳島県 224 58.8 30.7 373 97.5 51.9 127 30.1 12.1 192 45.4 20.7 †
香川県 319 66.3 32.6 337 69.6 42.1 174 33.3 11.5 169 32.2 18.5
愛媛県 433 63.2 32.7 552 80.3 42.4 265 34.4 13.2 317 41.0 15.5 †
高知県 237 64.0 31.2 289 77.7 41.2 135 32.1 11.9 156 37.2 15.1 †
佐賀県 224 55.3 31.1 512 126.0 73.7 148 32.4 12.4 305 66.8 31.0 *
長崎県 364 53.3 29.1 967 141.0 81.3 214 27.4 11.5 496 63.4 29.3 *
熊本県 366 42.5 22.1 944 109.3 62.3 252 26.0 10.5 489 50.3 24.1 *
鹿児島県 333 40.9 21.2 497 61.0 32.9 203 21.9 8.5 267 28.7 13.1 †
沖縄県 145 21.7 17.2 257 38.3 30.5 79 11.3 6.1 130 18.6 12.2 †
