北海道 1447 57.0 25.4 3689 144.8 68.8 772 27.1 9.7 1785 62.4 25.7 †
青森県 450 72.4 33.2 924 148.3 73.7 234 33.2 10.3 443 62.7 25.4 †
岩手県 338 55.2 23.6 965 157.2 73.4 197 29.3 10.0 463 68.5 25.2 †
宮城県 566 50.1 26.5 1968 173.3 98.4 306 25.5 9.4 850 70.4 31.5 *
秋田県 469 96.1 37.4 1167 238.7 104.9 267 48.3 13.9 595 107.1 37.6 *
山形県 413 76.2 30.6 1208 222.5 102.3 238 40.6 11.5 589 99.6 37.1 *
福島県 555 58.0 26.1 1659 173.0 84.9 291 28.7 10.8 767 75.2 33.5 *
茨城県 834 57.4 27.6 2019 137.2 71.0 421 28.9 10.6 815 55.1 24.7 *
栃木県 591 60.6 29.9 1413 143.1 76.7 279 28.3 9.2 636 63.4 27.5 *
群馬県 553 57.6 26.0 1279 131.0 65.8 281 28.4 9.7 613 60.7 26.8 *
埼玉県 1694 47.3 25.4 4189 115.7 63.6 793 22.2 9.3 1740 48.1 22.5 †
千葉県 1598 51.8 26.3 3589 115.0 61.6 668 21.5 8.4 1400 44.3 20.7 *
東京都 2846 44.1 24.9 7360 111.0 67.2 1410 21.3 8.6 3451 50.6 24.6 †
神奈川県 1955 43.3 23.9 4993 109.0 62.5 935 20.8 8.2 2237 48.9 22.8 *
新潟県 794 70.9 29.8 2420 215.1 103.6 445 37.2 10.6 1001 83.2 31.8 *
富山県 357 69.6 28.6 1108 214.1 102.4 198 36.0 9.9 489 87.7 33.8 *
石川県 327 58.8 26.3 1079 192.3 99.6 192 32.3 10.3 517 86.1 35.1 *
福井県 204 53.9 23.2 644 168.2 84.5 134 33.2 9.5 337 82.3 35.2 *
山梨県 178 43.5 18.3 487 117.6 58.6 110 25.9 8.3 227 52.5 19.9 *
長野県 544 53.6 20.5 1564 152.4 68.8 267 25.0 7.9 705 64.9 25.6 *
岐阜県 595 60.9 27.5 1519 153.1 75.1 333 32.0 12.3 739 69.6 30.1 †
静岡県 832 46.0 20.9 2294 125.2 63.1 451 24.2 8.2 956 50.5 21.2 *
愛知県 1658 45.5 25.3 4025 108.1 63.7 891 24.4 10.4 1789 47.8 23.4 *
三重県 490 55.7 26.0 1298 144.9 72.5 236 25.5 8.8 539 57.2 26.3 *
滋賀県 326 47.1 25.1 924 131.6 76.3 170 23.9 8.5 431 59.8 28.3 *
京都府 640 51.8 24.9 2075 165.4 85.0 342 25.5 8.9 1033 75.7 32.4 †
大阪府 2297 54.8 28.0 6736 158.0 85.1 1170 26.0 10.5 2815 61.3 28.7 *
兵庫県 1484 56.7 27.1 4051 152.6 78.8 755 26.4 9.7 1881 64.7 27.7 †
奈良県 419 64.7 29.2 1190 182.6 89.9 202 27.9 9.5 540 74.0 31.5 *
和歌山県 320 70.0 29.7 923 201.2 93.5 168 32.6 9.5 432 83.4 31.4 *
鳥取県 161 59.0 24.9 545 199.0 97.6 101 33.7 10.0 278 92.1 38.1 *
島根県 218 65.5 23.4 732 218.7 99.5 149 41.3 10.9 353 96.9 35.2 *
岡山県 440 48.0 22.3 1382 149.3 74.9 265 26.7 9.1 642 63.9 27.5 *
広島県 668 49.4 22.7 2684 196.1 100.5 395 27.2 9.0 1182 80.3 34.6 *
山口県 426 64.2 25.8 1100 164.4 75.6 227 30.5 8.6 525 70.0 26.8 *
徳島県 231 63.7 25.3 516 141.8 64.2 116 28.9 8.0 230 57.0 21.8 *
香川県 298 63.4 26.8 767 161.9 77.8 154 30.6 9.7 351 69.2 28.2 *
愛媛県 396 60.5 26.0 1042 158.1 75.1 252 34.1 10.1 558 75.0 28.5 *
高知県 223 64.4 26.6 573 164.7 75.1 115 29.4 9.6 260 66.1 25.8 *
福岡県 1185 50.1 25.2 3126 131.0 72.0 645 24.2 8.3 1609 60.0 26.9 *
佐賀県 238 60.7 27.0 589 149.7 74.7 136 30.9 10.5 346 78.1 35.1 *
長崎県 354 54.9 24.2 942 145.4 69.6 200 27.1 8.9 497 67.0 28.0 *
熊本県 328 39.1 16.3 1017 120.6 59.4 193 20.4 6.3 526 55.2 23.5 *
大分県 241 43.4 18.6 710 127.0 59.3 158 25.6 7.4 375 60.1 23.2 *
宮崎県 263 50.3 21.6 752 143.2 68.3 142 24.0 7.8 374 62.9 24.1 †
鹿児島県 352 45.2 19.5 903 115.7 55.0 194 21.8 7.3 460 51.5 21.2 †
沖縄県 160 23.3 14.3 387 56.1 37.3 76 10.6 4.8 185 25.8 14.8 *
