北海道 1422 55.2 26.5 3629 140.4 70.8 772 26.8 9.6 1761 60.9 25.2 †
青森県 461 72.4 33.9 1000 156.6 79.1 243 33.8 11.6 469 65.1 25.0 †
岩手県 354 56.5 24.8 1029 163.9 79.8 189 27.6 8.9 519 75.3 28.1 †
秋田県 439 87.5 36.3 1281 254.8 117.5 262 46.2 12.9 675 118.6 43.2 †
山形県 462 83.5 35.6 1216 219.2 103.1 247 41.3 10.7 612 101.5 37.5 *
福島県 608 62.5 29.9 1391 142.5 74.3 333 32.3 10.1 736 71.0 28.8 †
茨城県 845 58.0 30.1 1908 129.2 70.5 399 27.2 9.9 792 53.3 24.1 †
栃木県 593 60.4 32.3 1334 134.2 75.2 285 28.7 10.8 552 54.7 25.6 *
群馬県 560 57.9 27.4 1321 134.2 70.8 247 24.8 8.4 572 56.2 25.8 *
千葉県 1475 48.0 26.3 3097 99.7 56.4 763 24.7 10.7 1337 42.7 20.8 †
神奈川県 2176 48.4 28.2 4272 93.8 57.0 932 20.9 9.1 1751 38.7 19.2 †
新潟県 849 74.7 34.2 2327 204.0 103.8 439 36.3 10.3 1115 91.5 37.2 *
富山県 332 64.0 28.9 974 186.0 93.4 212 38.1 12.8 493 87.4 35.2 †
石川県 325 58.1 29.4 967 171.5 96.1 179 29.9 10.8 483 80.0 34.0 †
福井県 221 57.7 25.9 641 165.5 88.0 143 35.0 10.8 323 77.9 32.3 *
山梨県 210 50.7 23.1 538 128.2 64.4 140 32.5 10.7 276 63.0 27.8 †
長野県 534 52.0 21.7 1809 174.0 82.6 322 29.7 9.3 846 76.9 29.4 †
岐阜県 570 57.8 27.7 1307 130.5 68.1 310 29.6 11.2 656 61.3 27.8 †
愛知県 1743 48.0 28.3 3848 103.7 64.4 805 22.2 9.9 1735 46.6 24.1 *
三重県 474 53.6 25.8 1325 147.1 75.3 275 29.5 10.2 602 63.5 26.5 †
滋賀県 343 49.9 27.5 873 124.9 74.1 174 24.7 10.3 380 53.0 26.0 *
京都府 675 54.3 28.1 1838 145.7 80.5 355 26.4 10.0 861 62.9 28.8 †
兵庫県 1524 57.9 29.4 3783 141.8 75.4 775 27.0 10.9 1749 60.0 27.6 †
奈良県 381 58.1 27.4 1053 159.7 81.0 235 32.2 12.5 468 63.7 27.3 †
和歌山県 293 63.0 28.5 844 180.7 85.5 175 33.4 10.8 435 82.6 32.8 †
鳥取県 191 68.9 30.9 501 180.0 90.2 111 36.6 11.0 264 86.3 31.9 †
島根県 242 71.5 28.5 715 210.2 92.4 137 37.2 10.2 354 95.4 31.3 *
岡山県 462 50.1 23.4 1395 149.9 78.0 273 27.3 9.0 649 64.3 27.9 *
広島県 726 53.3 26.0 2169 157.5 85.9 406 27.8 9.8 990 67.0 30.4 *
山口県 449 66.6 28.9 1128 166.1 76.0 232 30.7 10.2 517 67.9 26.9 *
徳島県 194 52.6 22.6 534 144.4 67.7 126 31.0 10.5 257 62.7 23.6 †
香川県 279 58.8 25.3 889 186.0 91.6 162 31.8 10.0 411 80.1 32.5 *
愛媛県 428 64.4 29.4 1111 166.2 80.9 229 30.6 10.3 519 68.9 27.3 †
高知県 220 62.2 28.1 565 159.0 75.7 123 30.8 8.6 261 65.0 23.2 †
佐賀県 241 60.8 29.0 642 161.4 83.6 154 34.6 11.2 316 70.6 29.8 †
長崎県 365 55.6 25.8 999 151.4 76.0 180 24.0 7.5 501 66.4 26.5 *
熊本県 376 44.4 20.0 1026 120.7 62.3 207 21.7 7.4 493 51.3 22.2 *
大分県 303 54.2 23.5 871 154.7 75.0 170 27.3 7.7 405 64.4 22.9 †
鹿児島県 375 47.5 20.7 511 64.6 29.9 214 23.8 6.9 263 29.1 8.5
沖縄県 165 24.2 16.0 398 58.1 40.2 82 11.6 5.8 197 27.6 16.2 †
