青森県 430 65.2 33.9 779 117.9 64.2 241 32.6 12.3 408 54.9 23.8 †
岩手県 351 54.3 26.1 911 140.5 72.9 190 27.1 9.2 508 71.6 28.8 *
秋田県 480 91.9 41.7 1115 213.2 106.7 266 45.4 13.4 531 90.1 34.4 *
山形県 433 75.9 35.0 1243 217.4 114.0 266 43.4 13.3 634 102.3 41.5 *
福島県 605 60.8 31.6 1279 128.2 72.7 322 30.7 10.7 602 56.8 27.0 †
茨城県 908 62.8 35.3 1861 127.1 74.9 436 29.8 11.6 822 55.4 25.8 *
栃木県 568 57.6 33.2 1265 126.6 77.0 268 27.0 11.3 639 63.2 30.9 *
群馬県 571 59.0 31.2 1240 125.6 70.6 275 27.4 11.3 537 52.6 25.0 *
千葉県 1580 52.6 32.0 3068 101.0 62.7 711 23.7 11.2 1334 43.7 23.2 *
神奈川県 2010 45.4 29.1 4084 91.0 59.7 895 20.7 10.3 1726 39.1 21.6 *
新潟県 825 71.7 35.1 2273 196.9 106.1 444 36.3 13.0 1028 83.3 37.5 *
富山県 372 71.1 35.7 969 183.2 98.8 242 43.1 15.3 512 90.0 37.9 *
石川県 320 57.5 30.0 801 143.0 82.5 193 32.3 13.0 401 66.6 30.6 *
福井県 201 51.9 26.4 600 153.3 87.4 111 27.0 9.0 299 71.2 32.9 *
山梨県 232 55.0 28.5 579 135.2 73.7 126 28.8 9.1 280 62.6 26.1 *
岐阜県 589 59.3 30.3 1149 113.5 63.6 328 31.1 12.5 551 51.0 24.2 †
愛知県 1771 49.3 31.8 3720 101.1 67.4 848 23.9 11.5 1574 43.1 23.7 *
滋賀県 339 50.2 31.4 762 110.8 72.3 163 23.5 9.6 361 51.1 26.2 *
京都府 683 55.2 30.7 1504 119.4 69.5 360 26.9 11.0 762 55.6 27.3 *
兵庫県 1447 55.2 30.9 2909 109.2 62.5 779 27.3 11.9 1385 47.6 22.8 †
鳥取県 172 60.3 31.8 507 176.9 99.7 108 34.9 11.6 263 84.0 37.4 *
島根県 231 67.1 29.0 639 185.1 89.9 146 38.8 11.3 340 89.3 32.5 *
岡山県 468 50.4 25.6 1340 143.4 80.2 282 28.2 10.3 651 64.2 30.0 *
広島県 678 49.6 26.8 2081 150.8 87.2 413 28.4 11.1 1020 69.1 33.3 *
山口県 464 68.0 32.8 1085 157.7 78.0 230 30.0 10.3 498 64.3 25.7 *
徳島県 221 58.7 27.9 451 119.3 61.9 121 29.2 10.6 214 51.2 22.8 †
香川県 313 65.7 31.9 779 162.4 84.7 180 34.9 13.1 374 71.9 31.6 †
愛媛県 399 59.0 28.5 1165 171.4 90.4 210 27.7 10.3 538 70.4 32.3 *
高知県 224 61.4 26.3 501 136.8 66.4 132 32.0 11.1 269 64.9 25.7 †
佐賀県 230 57.3 28.7 583 144.9 81.1 151 33.5 12.3 305 67.3 27.6 *
長崎県 355 52.8 26.2 1003 148.6 80.8 231 30.1 12.0 510 66.0 29.5 *
熊本県 362 42.4 20.7 959 112.0 59.9 229 23.9 8.5 514 53.2 24.4 *
鹿児島県 352 43.8 21.4 764 94.9 48.9 201 22.0 8.0 371 40.3 17.9 †
沖縄県 153 22.7 16.4 328 48.4 36.0 93 13.2 6.9 179 25.4 15.1 †
