北海道 1376 55.0 22.9 3424 136.4 63.3 746 26.5 8.5 1624 57.4 23.2 *
青森県 448 73.8 31.5 1115 183.2 83.8 236 34.2 11.1 568 82.1 31.0 *
岩手県 348 58.1 21.3 926 154.2 66.3 186 28.3 7.3 449 67.8 25.9 †
宮城県 499 44.8 21.8 1908 170.5 88.5 257 21.7 7.3 845 70.7 31.0 *
秋田県 452 95.2 34.7 1137 239.1 100.4 234 43.5 9.6 529 97.8 32.9 *
山形県 406 76.6 28.7 1176 221.3 98.1 216 37.6 9.6 575 99.2 33.7 *
福島県 541 57.6 24.2 1654 175.5 83.3 273 27.4 8.8 769 76.7 30.2 *
茨城県 802 55.5 25.2 1853 126.5 61.9 381 26.3 8.8 797 54.2 22.8 *
栃木県 553 57.1 27.3 1363 139.0 71.0 241 24.6 8.4 604 60.6 25.0 *
群馬県 566 59.4 25.5 1373 141.8 67.2 261 26.6 8.3 492 49.1 19.2 *
埼玉県 1708 47.7 24.1 4250 117.3 62.1 812 22.7 8.9 1713 47.1 21.6 *
千葉県 1475 47.6 23.0 3489 111.4 56.4 690 22.0 8.4 1397 43.9 19.1 *
東京都 2629 40.2 21.8 7189 107.0 63.0 1393 20.7 7.9 3341 48.1 22.7 *
神奈川県 2025 44.6 22.7 5113 111.1 61.0 931 20.5 7.8 2222 48.1 22.5 *
新潟県 794 71.8 29.1 2424 218.4 99.7 401 34.1 9.2 1130 95.3 35.7 *
富山県 344 67.8 29.3 1122 219.3 102.7 200 36.8 10.4 526 95.5 37.0 †
石川県 296 53.5 22.8 1086 194.5 98.6 191 32.4 9.9 495 83.0 32.8 *
福井県 189 50.6 20.7 651 172.1 81.4 122 30.6 10.2 324 80.1 32.5 *
山梨県 178 44.1 18.7 487 119.2 57.4 114 27.2 8.2 228 53.5 22.2 *
長野県 500 49.8 18.3 1494 147.4 64.2 271 25.7 6.5 659 61.5 21.8 *
岐阜県 597 61.8 26.3 1454 148.1 69.8 291 28.3 9.0 654 62.2 26.2 *
静岡県 855 47.6 20.7 2263 124.5 60.2 394 21.3 7.3 943 50.2 20.4 *
愛知県 1646 45.0 23.5 3981 106.7 60.3 841 22.9 9.1 1692 44.9 21.6 *
三重県 456 52.1 22.5 1183 132.9 64.7 246 26.8 9.1 541 57.9 23.2 *
滋賀県 314 45.2 22.0 909 128.9 70.2 185 25.9 9.4 455 62.8 28.5 *
京都府 584 47.5 21.6 2049 164.2 80.6 362 27.0 8.8 1012 74.4 31.2 *
大阪府 2237 53.6 25.7 6408 150.9 78.0 1105 24.6 9.4 2961 64.6 28.9 *
兵庫県 1342 51.5 23.5 4333 164.2 81.5 674 23.6 8.3 1886 65.1 27.5 *
奈良県 374 58.5 24.1 1198 186.1 85.8 173 24.1 7.8 533 73.6 30.8 *
和歌山県 276 61.5 23.1 939 208.3 91.3 138 27.2 8.3 433 85.0 33.7 *
鳥取県 163 60.7 27.3 528 195.9 93.8 112 38.0 10.2 262 88.1 37.4 *
島根県 216 65.9 24.5 651 197.4 87.3 116 32.8 8.5 332 93.0 32.5 *
岡山県 429 47.1 20.3 1365 148.3 72.2 249 25.3 7.7 659 66.0 27.7 *
広島県 636 47.4 20.8 2431 178.7 89.4 360 25.0 8.1 1117 76.4 31.1 *
山口県 389 59.5 23.5 1083 164.4 73.2 240 32.8 9.2 536 72.6 26.8 *
徳島県 204 57.2 21.1 503 140.6 62.5 107 27.1 7.3 233 58.7 20.8 *
香川県*3 295 63.1 26.1 828 175.6 82.5 142 28.4 8.3 355 70.4 28.1 *
愛媛県 397 61.5 24.2 1137 174.9 78.3 205 28.1 7.6 534 72.8 26.9 *
高知県 231 68.1 28.2 520 152.6 64.4 126 32.9 9.6 295 76.7 27.1 *
福岡県 1135 48.1 22.7 3216 135.2 70.6 630 23.7 8.2 1630 60.8 26.9 *
佐賀県 218 56.3 25.2 615 158.1 79.5 126 28.9 10.0 271 61.8 25.6 *
長崎県 340 53.6 20.8 936 146.9 67.0 167 23.1 5.9 440 60.4 24.6 *
熊本県 341 40.9 16.9 989 118.3 56.2 187 19.9 5.8 456 48.3 20.2 *
大分県 245 44.5 18.0 662 119.3 54.9 135 22.1 6.3 313 50.7 20.1 *
宮崎県 272 52.4 21.4 686 131.8 60.0 143 24.4 7.9 330 56.0 22.9 †
鹿児島県 355 46.2 19.6 901 116.9 55.1 176 20.1 6.6 410 46.6 19.8 *
沖縄県 146 21.2 12.6 417 60.1 37.4 85 11.8 5.6 205 28.3 15.3 *
