北海道 1467 54.8 31.6 2454 91.7 54.7 773 26.2 11.7 1229 41.6 20.5 †
青森県 442 65.1 38.6 639 94.1 56.4 225 29.7 13.1 321 42.4 20.4 †
岩手県 363 54.7 29.0 654 98.6 55.2 222 30.8 11.4 327 45.3 20.0 †
宮城県 573 49.9 31.5 1510 131.4 86.6 320 26.4 12.0 687 56.7 30.2 *
山形県 429 73.3 37.3 998 170.6 94.6 264 41.8 14.9 530 84.0 36.6 *
茨城県 864 58.4 37.1 1251 84.5 55.1 431 28.8 13.5 618 41.3 21.7 †
栃木県 610 60.9 38.9 1052 105.0 69.5 286 28.2 12.8 439 43.3 22.0 †
群馬県 582 58.4 35.0 855 85.8 52.3 310 30.2 13.3 394 38.3 18.6 †
千葉県 1437 47.4 33.0 2571 84.9 59.1 739 24.4 12.9 1188 39.2 22.8 *
神奈川県 1960 44.1 32.2 3607 81.2 59.2 963 22.2 12.0 1614 37.1 22.5 *
新潟県 861 73.2 39.2 1969 167.3 97.2 487 38.8 14.5 971 77.4 36.5 *
富山県 353 65.9 35.4 672 125.5 71.7 228 39.6 15.1 387 67.2 30.7 †
石川県 346 61.0 35.7 538 94.9 58.7 221 36.4 15.2 309 50.9 24.6 †
福井県 211 53.1 29.4 519 130.6 80.0 144 33.9 13.3 325 76.6 38.2 *
岐阜県 601 58.9 33.7 978 95.8 58.2 328 30.2 13.2 512 47.1 23.9 †
愛知県 1722 47.3 34.3 2954 81.2 59.1 882 24.4 13.2 1441 39.9 23.4 †
滋賀県 289 42.4 29.0 660 96.8 68.1 219 31.3 15.0 368 52.7 28.9 *
京都府 642 50.4 31.6 1110 87.2 55.4 372 27.1 12.2 601 43.7 22.2 †
鳥取県 157 54.1 30.4 502 173.0 104.5 110 34.7 14.7 252 79.5 40.2 *
岡山県 466 49.6 27.6 1170 124.7 74.8 250 24.5 10.6 572 56.2 27.9 *
広島県 710 51.1 30.4 2138 153.8 96.0 366 24.6 11.2 991 66.7 34.3 *
山口県 463 65.8 33.6 765 108.7 57.6 277 35.1 13.9 421 53.4 24.4 †
徳島県 218 56.7 30.3 385 100.1 54.4 138 32.4 12.7 198 46.6 21.0 †
香川県 309 63.6 33.5 315 64.8 38.3 193 36.7 14.7 135 25.7 13.0
愛媛県 411 59.4 31.2 849 122.7 69.5 254 32.7 13.6 478 61.6 29.2 †
高知県 242 64.6 33.3 344 91.9 49.1 128 30.3 11.4 179 42.4 19.2 †
長崎県 395 57.1 30.9 924 133.6 77.7 224 28.5 12.1 482 61.2 30.8 *
熊本県 319 36.8 19.5 780 90.0 52.1 216 22.1 8.0 430 44.1 20.8 *
鹿児島県 357 43.6 22.5 574 70.0 37.6 227 24.3 9.9 305 32.7 14.5 †
沖縄県 159 23.8 19.2 232 34.7 28.6 75 10.8 6.2 98 14.1 8.8 †
