北海道 1454 55.7 27.9 3805 145.3 76.9 748 25.8 9.9 1711 58.7 26.1 †
青森県 433 66.5 33.5 841 128.8 67.4 234 32.0 12.9 426 58.1 25.1 *
岩手県 397 62.1 30.2 968 151.0 78.1 189 27.1 8.9 485 69.2 28.5 *
秋田県 439 85.2 37.5 1216 235.6 114.0 249 42.9 13.0 597 102.5 38.0 *
山形県 446 79.0 35.5 1190 210.4 105.6 260 42.7 11.9 606 98.8 37.7 *
福島県 604 61.1 30.3 1366 137.8 74.0 331 31.7 11.3 640 60.9 25.4 †
茨城県 892 61.0 33.2 1977 133.5 76.8 468 31.8 12.6 851 57.0 27.0 *
栃木県 571 57.9 32.6 1347 134.9 79.8 297 29.8 12.0 595 58.8 27.5 *
群馬県 568 58.3 29.8 1292 130.5 72.1 312 31.1 11.5 570 55.7 24.9 *
千葉県 1513 49.6 29.2 3209 104.0 62.9 727 23.8 11.0 1426 46.0 24.0 *
神奈川県 2046 45.8 28.6 4154 91.8 58.9 999 22.7 10.4 1873 41.9 22.2 *
新潟県 792 68.9 32.2 2365 204.9 106.5 496 40.5 13.2 1075 87.2 35.9 *
富山県 354 67.6 31.9 1031 195.1 100.4 187 33.3 10.2 524 92.1 37.5 *
石川県 332 59.2 30.8 889 157.2 90.3 193 32.1 10.5 416 68.7 29.3 *
福井県 212 54.8 26.7 665 169.9 91.3 133 32.3 9.2 310 74.1 31.0 *
山梨県 231 55.1 26.3 581 136.8 72.2 131 30.1 10.0 306 69.1 29.7 *
岐阜県 582 58.6 29.9 1261 124.9 67.3 348 32.9 12.7 639 59.3 27.3 *
愛知県 1731 47.9 29.9 3758 101.8 66.0 838 23.2 10.9 1663 45.1 24.7 *
滋賀県 300 43.9 25.7 754 108.6 69.8 194 27.7 12.3 375 52.7 27.6 *
京都府 644 51.7 28.2 1580 124.7 70.6 353 26.2 10.4 784 57.2 26.6 *
兵庫県 1481 56.1 30.5 3286 122.8 68.9 763 26.6 11.1 1552 53.2 24.6 *
奈良県 397 60.0 30.4 979 147.0 79.5 192 26.1 9.7 442 59.8 27.9 †
和歌山県 305 64.5 29.4 876 184.6 90.5 193 36.3 12.4 444 83.1 35.7 †
鳥取県 166 59.0 29.4 461 163.1 90.2 134 43.6 14.8 296 95.5 41.6 *
島根県 251 73.1 30.2 691 200.2 93.0 158 42.2 10.9 324 85.8 31.0 *
岡山県 468 50.5 24.8 1370 146.6 80.2 283 28.2 10.5 686 67.6 31.6 *
広島県 691 50.5 25.8 2114 152.8 87.3 374 25.5 9.1 944 63.7 28.8 *
山口県 447 65.5 29.7 1143 166.1 82.6 250 32.7 12.0 531 68.8 28.7 *
徳島県 221 59.1 26.5 490 130.5 65.1 125 30.3 9.7 229 55.1 23.1 *
香川県 286 59.8 27.8 777 161.4 82.1 172 33.4 11.3 378 72.9 30.8 *
愛媛県 421 62.5 28.9 1077 159.1 79.7 234 30.9 11.3 510 66.9 29.1 *
高知県 208 57.7 26.9 536 148.0 73.1 116 28.5 9.0 242 59.2 22.7 *
佐賀県 251 62.7 31.8 608 151.3 83.4 134 29.8 10.8 324 71.7 32.4 *
長崎県 380 56.9 28.0 1015 151.4 78.6 212 27.8 11.0 457 59.6 26.1 *
熊本県 348 40.8 18.3 973 113.6 59.6 215 22.4 7.8 512 53.0 23.7 *
鹿児島県 376 47.0 22.0 677 84.5 42.7 238 26.1 8.7 341 37.3 14.8 †
沖縄県 139 20.5 14.4 368 54.1 38.9 93 13.2 6.9 197 27.9 16.7 *
