北海道 1389 55.1 23.4 3703 146.4 69.7 763 26.9 9.4 1675 58.9 23.9 *
青森県 461 75.0 32.5 1065 172.9 80.7 196 28.1 8.4 498 71.2 28.5 *
岩手県 363 59.9 23.7 1099 181.0 81.2 202 30.4 8.4 539 80.5 29.3 *
宮城県 569 50.9 24.6 1957 174.2 92.0 273 22.9 8.4 830 69.3 31.8 *
秋田県 426 88.5 31.5 1141 236.6 102.7 251 46.0 12.3 537 98.0 34.9 *
山形県 425 79.3 32.0 1267 235.8 105.8 259 44.6 12.2 659 112.5 41.7 *
福島県 549 57.9 25.3 1711 179.9 86.8 287 28.6 8.7 729 72.1 28.9 *
茨城県 862 59.5 28.4 1953 133.0 67.7 448 30.9 11.0 873 59.2 25.2 *
栃木県 568 58.4 28.3 1437 146.1 76.3 317 32.2 11.9 610 61.0 25.8 *
群馬県 523 54.7 24.2 1285 132.2 65.6 262 26.6 9.0 597 59.4 25.4 *
埼玉県 1829 51.1 26.5 4220 116.5 62.9 774 21.7 9.0 1679 46.2 21.7 *
千葉県 1444 46.7 23.0 3542 113.3 58.5 685 21.9 8.5 1429 45.1 20.6 *
東京都 2755 42.4 23.3 7176 107.6 64.1 1437 21.5 8.4 3395 49.3 23.3 †
神奈川県 1999 44.1 23.4 5014 109.2 61.6 892 19.7 7.8 2159 46.9 21.8 *
新潟県 727 65.3 26.7 2548 228.0 107.7 399 33.6 9.0 1148 96.1 38.0 *
富山県 307 60.2 24.3 1178 228.9 105.0 189 34.5 9.1 574 103.6 38.5 †
石川県 306 55.2 23.9 1063 189.9 95.2 174 29.4 8.5 510 85.2 34.1 *
福井県 218 58.0 23.9 640 168.2 80.9 113 28.2 8.9 291 71.5 30.5 *
山梨県 204 50.2 20.6 462 112.3 54.0 111 26.3 7.2 225 52.4 22.2 *
長野県 455 45.1 17.2 1529 149.9 67.8 310 29.2 9.5 660 61.2 21.9 *
岐阜県 572 58.9 25.4 1478 149.8 71.8 318 30.7 10.5 663 62.7 24.8 *
静岡県 859 47.7 21.8 2126 116.4 57.2 419 22.6 7.8 940 49.8 20.5 *
愛知県 1782 48.8 26.1 4140 111.0 64.0 833 22.8 9.5 1820 48.4 23.3 *
三重県 440 50.1 22.6 1227 137.4 68.1 236 25.6 8.7 553 59.0 24.3 *
滋賀県 332 47.9 25.0 974 138.4 78.7 209 29.3 11.1 454 62.8 28.9 *
京都府 614 49.8 23.1 1959 156.6 80.0 371 27.7 9.7 1005 73.8 31.1 †
大阪府 2267 54.2 26.7 6583 154.7 81.2 1058 23.5 9.3 2955 64.4 29.5 *
兵庫県 1422 54.4 25.0 4222 159.5 80.1 710 24.8 9.2 1915 66.0 28.3 †
奈良県 398 61.9 26.7 1140 176.0 81.6 224 31.0 10.5 551 75.8 31.7 *
和歌山県 328 72.4 29.7 865 190.2 85.2 171 33.5 10.4 407 79.2 28.9 *
鳥取県 168 62.1 26.3 534 196.6 95.1 114 38.4 10.9 275 91.8 34.5 *
島根県 237 71.7 25.6 704 211.9 94.8 134 37.5 10.1 338 93.7 33.8 *
岡山県 482 52.8 22.4 1483 160.7 77.9 266 26.9 9.0 662 66.1 27.1 *
広島県 693 51.4 23.6 2434 178.4 90.5 417 28.8 9.7 1194 81.4 33.6 *
山口県 416 63.2 25.6 1176 177.1 78.1 220 29.8 8.1 540 72.5 28.1 *
徳島県 212 59.0 23.1 504 139.7 60.1 96 24.1 6.6 228 56.9 21.4 *
香川県 295 63.1 26.1 828 175.6 82.5 142 28.4 8.3 355 70.4 28.1 *
愛媛県 388 59.7 24.2 1192 182.1 82.6 230 31.3 10.0 584 79.0 31.7 *
高知県 205 59.9 23.1 547 158.9 70.2 105 27.1 7.1 246 63.2 24.5 *
福岡県 1044 44.2 21.7 3236 135.8 72.9 667 25.1 9.6 1562 58.2 25.7 *
佐賀県 229 58.8 27.2 620 158.5 79.4 138 31.5 11.1 263 59.7 24.7 *
長崎県 330 51.6 21.5 934 145.4 68.2 231 31.6 10.4 510 69.4 28.1 *
熊本県 358 42.8 18.3 1006 119.8 57.3 186 19.7 6.2 476 50.2 20.6 *
大分県 302 54.6 22.6 746 133.9 61.2 157 25.5 7.0 348 56.1 19.8 *
宮崎県 213 40.9 17.3 705 134.9 61.6 160 27.1 7.7 386 65.2 24.3 †
鹿児島県 326 42.1 17.3 893 115.1 54.0 197 22.3 6.4 432 48.7 19.7 *
沖縄県 167 24.3 14.9 410 59.3 38.2 66 9.2 3.6 214 29.7 15.7 *
