青森県 469 70.5 39.0 698 104.7 59.4 264 35.4 13.2 400 53.5 23.2 †
岩手県 395 60.6 30.6 880 134.6 71.7 196 27.7 9.3 395 55.4 23.3 *
宮城県 599 52.7 31.7 1747 153.2 96.3 303 25.3 11.1 718 59.4 29.9 *
秋田県 470 89.0 40.7 1163 219.9 111.9 301 50.8 16.3 558 93.8 36.8 *
山形県 459 79.8 37.8 1209 209.8 110.7 246 39.7 12.2 612 98.1 39.4 *
茨城県 884 60.9 35.4 1751 119.1 72.1 394 26.8 11.6 757 50.9 25.6 *
栃木県 595 60.3 36.0 1288 128.7 79.6 315 31.6 13.4 574 56.7 28.7 *
群馬県 570 58.6 32.0 1166 117.7 69.1 284 28.2 11.6 553 54.0 26.3 *
千葉県 1485 49.5 31.6 3052 100.5 65.0 724 24.2 11.7 1305 42.8 23.1 *
神奈川県 2082 47.1 31.4 3685 82.3 55.9 966 22.4 12.0 1681 38.2 21.7 *
新潟県 927 80.1 40.5 2220 191.0 105.4 455 36.9 13.5 1081 87.0 39.5 *
富山県 394 74.9 37.1 985 185.4 103.5 188 33.2 11.3 482 84.3 37.9 *
石川県 308 55.1 30.3 603 107.2 63.8 176 29.3 10.3 307 50.8 23.2 †
福井県 200 51.4 25.7 585 148.7 88.6 154 37.1 12.8 311 73.8 35.9 *
岐阜県 619 62.1 33.9 1199 118.1 68.5 334 31.5 13.0 601 55.5 27.4 †
愛知県 1784 49.8 32.9 3567 97.3 66.8 851 24.0 12.3 1516 41.6 23.4 *
滋賀県 343 50.9 32.1 653 95.2 63.4 176 25.4 11.2 277 39.3 20.0 *
京都府 684 55.1 31.7 1484 117.4 69.9 374 27.9 12.1 781 56.9 28.2 *
兵庫県 1510 57.4 33.4 2793 104.6 62.0 756 26.5 11.2 1346 46.2 22.4 †
鳥取県 177 61.8 32.4 469 163.0 93.4 132 42.3 16.1 265 84.3 37.4 *
島根県 250 72.1 33.0 726 208.6 102.5 149 39.1 11.4 361 94.1 36.9 †
岡山県 442 47.5 24.8 1236 132.0 74.5 268 26.7 10.2 613 60.3 28.3 *
広島県 684 49.9 27.9 2153 155.6 93.6 427 29.3 11.3 1006 67.9 31.9 *
山口県 466 67.7 31.6 1080 155.7 79.8 263 34.0 11.5 483 61.9 24.5 †
徳島県 233 61.5 29.6 525 138.1 70.8 112 26.8 10.6 211 50.1 22.2 †
香川県 314 65.5 32.8 422 87.6 48.6 175 33.7 11.0 188 36.0 19.9
愛媛県 433 63.6 31.6 1175 171.9 93.3 254 33.2 12.6 520 67.7 29.8 †
高知県 223 60.6 29.3 530 143.6 72.9 113 27.1 9.5 262 62.8 26.9 †
佐賀県 218 54.1 29.5 539 133.3 75.8 129 28.5 10.5 278 61.1 26.8 *
長崎県 381 56.2 29.1 942 138.4 75.4 207 26.7 10.4 506 65.1 31.6 *
熊本県 362 42.2 20.7 943 109.7 60.0 221 22.9 8.9 514 53.0 24.4 *
鹿児島県 361 44.7 21.9 853 105.3 56.2 190 20.6 7.8 419 45.3 20.7 †
沖縄県 153 22.8 17.2 262 38.8 29.9 65 9.3 4.4 108 15.4 8.4 †
